   0.0000000e+00   1.0046834e+00
   1.5384615e-03   1.0037031e+00
   3.0769231e-03   1.0027219e+00
   4.6153846e-03   1.0017400e+00
   6.1538462e-03   1.0007574e+00
   7.6923077e-03   9.9977431e-01
   9.2307692e-03   9.9879074e-01
   1.0769231e-02   9.9780680e-01
   1.2307692e-02   9.9682259e-01
   1.3846154e-02   9.9583818e-01
   1.5384615e-02   9.9485368e-01
   1.6923077e-02   9.9386917e-01
   1.8461538e-02   9.9288475e-01
   2.0000000e-02   9.9190051e-01
   2.1538462e-02   9.9091654e-01
   2.3076923e-02   9.8993293e-01
   2.4615385e-02   9.8894979e-01
   2.6153846e-02   9.8796719e-01
   2.7692308e-02   9.8698524e-01
   2.9230769e-02   9.8600403e-01
   3.0769231e-02   9.8502366e-01
   3.2307692e-02   9.8404421e-01
   3.3846154e-02   9.8306578e-01
   3.5384615e-02   9.8208847e-01
   3.6923077e-02   9.8111236e-01
   3.8461538e-02   9.8013757e-01
   4.0000000e-02   9.7916417e-01
   4.1538462e-02   9.7819228e-01
   4.3076923e-02   9.7722197e-01
   4.4615385e-02   9.7625335e-01
   4.6153846e-02   9.7528652e-01
   4.7692308e-02   9.7432156e-01
   4.9230769e-02   9.7335858e-01
   5.0769231e-02   9.7239767e-01
   5.2307692e-02   9.7143892e-01
   5.3846154e-02   9.7048244e-01
   5.5384615e-02   9.6952832e-01
   5.6923077e-02   9.6857665e-01
   5.8461538e-02   9.6762753e-01
   6.0000000e-02   9.6668106e-01
   6.1538462e-02   9.6573734e-01
   6.3076923e-02   9.6479646e-01
   6.4615385e-02   9.6385851e-01
   6.6153846e-02   9.6292360e-01
   6.7692308e-02   9.6199182e-01
   6.9230769e-02   9.6106326e-01
   7.0769231e-02   9.6013802e-01
   7.2307692e-02   9.5921621e-01
   7.3846154e-02   9.5829791e-01
   7.5384615e-02   9.5738321e-01
   7.6923077e-02   9.5647223e-01
   7.8461538e-02   9.5556505e-01
   8.0000000e-02   9.5466176e-01
   8.1538462e-02   9.5376247e-01
   8.3076923e-02   9.5286727e-01
   8.4615385e-02   9.5197625e-01
   8.6153846e-02   9.5108952e-01
   8.7692308e-02   9.5020716e-01
   8.9230769e-02   9.4932926e-01
   9.0769231e-02   9.4845593e-01
   9.2307692e-02   9.4758726e-01
   9.3846154e-02   9.4672334e-01
   9.5384615e-02   9.4586427e-01
   9.6923077e-02   9.4501014e-01
   9.8461538e-02   9.4416104e-01
   1.0000000e-01   9.4331706e-01
   1.0153846e-01   9.4247831e-01
   1.0307692e-01   9.4164487e-01
   1.0461538e-01   9.4081683e-01
   1.0615385e-01   9.3999428e-01
   1.0769231e-01   9.3917732e-01
   1.0923077e-01   9.3836604e-01
   1.1076923e-01   9.3756053e-01
   1.1230769e-01   9.3676087e-01
   1.1384615e-01   9.3596717e-01
   1.1538462e-01   9.3517950e-01
   1.1692308e-01   9.3439796e-01
   1.1846154e-01   9.3362263e-01
   1.2000000e-01   9.3285361e-01
   1.2153846e-01   9.3209097e-01
   1.2307692e-01   9.3133482e-01
   1.2461538e-01   9.3058523e-01
   1.2615385e-01   9.2984229e-01
   1.2769231e-01   9.2910608e-01
   1.2923077e-01   9.2837670e-01
   1.3076923e-01   9.2765422e-01
   1.3230769e-01   9.2693873e-01
   1.3384615e-01   9.2623031e-01
   1.3538462e-01   9.2552905e-01
   1.3692308e-01   9.2483502e-01
   1.3846154e-01   9.2414831e-01
   1.4000000e-01   9.2346900e-01
   1.4153846e-01   9.2279716e-01
   1.4307692e-01   9.2213289e-01
   1.4461538e-01   9.2147624e-01
   1.4615385e-01   9.2082732e-01
   1.4769231e-01   9.2018618e-01
   1.4923077e-01   9.1955291e-01
   1.5076923e-01   9.1892758e-01
   1.5230769e-01   9.1831026e-01
   1.5384615e-01   9.1770104e-01
   1.5538462e-01   9.1709998e-01
   1.5692308e-01   9.1650716e-01
   1.5846154e-01   9.1592265e-01
   1.6000000e-01   9.1534651e-01
   1.6153846e-01   9.1477882e-01
   1.6307692e-01   9.1421965e-01
   1.6461538e-01   9.1366906e-01
   1.6615385e-01   9.1312713e-01
   1.6769231e-01   9.1259391e-01
   1.6923077e-01   9.1206947e-01
   1.7076923e-01   9.1155388e-01
   1.7230769e-01   9.1104721e-01
   1.7384615e-01   9.1054950e-01
   1.7538462e-01   9.1006083e-01
   1.7692308e-01   9.0958125e-01
   1.7846154e-01   9.0911083e-01
   1.8000000e-01   9.0864961e-01
   1.8153846e-01   9.0819767e-01
   1.8307692e-01   9.0775505e-01
   1.8461538e-01   9.0732181e-01
   1.8615385e-01   9.0689801e-01
   1.8769231e-01   9.0648369e-01
   1.8923077e-01   9.0607891e-01
   1.9076923e-01   9.0568372e-01
   1.9230769e-01   9.0529816e-01
   1.9384615e-01   9.0492230e-01
   1.9538462e-01   9.0455617e-01
   1.9692308e-01   9.0419982e-01
   1.9846154e-01   9.0385329e-01
   2.0000000e-01   9.0351663e-01
   2.0153846e-01   9.0318989e-01
   2.0307692e-01   9.0287309e-01
   2.0461538e-01   9.0256629e-01
   2.0615385e-01   9.0226952e-01
   2.0769231e-01   9.0198282e-01
   2.0923077e-01   9.0170623e-01
   2.1076923e-01   9.0143977e-01
   2.1230769e-01   9.0118349e-01
   2.1384615e-01   9.0093742e-01
   2.1538462e-01   9.0070159e-01
   2.1692308e-01   9.0047602e-01
   2.1846154e-01   9.0026076e-01
   2.2000000e-01   9.0005581e-01
   2.2153846e-01   8.9986122e-01
   2.2307692e-01   8.9967701e-01
   2.2461538e-01   8.9950319e-01
   2.2615385e-01   8.9933980e-01
   2.2769231e-01   8.9918685e-01
   2.2923077e-01   8.9904437e-01
   2.3076923e-01   8.9891236e-01
   2.3230769e-01   8.9879085e-01
   2.3384615e-01   8.9867986e-01
   2.3538462e-01   8.9857939e-01
   2.3692308e-01   8.9848947e-01
   2.3846154e-01   8.9841009e-01
   2.4000000e-01   8.9834128e-01
   2.4153846e-01   8.9828304e-01
   2.4307692e-01   8.9823538e-01
   2.4461538e-01   8.9819830e-01
   2.4615385e-01   8.9817182e-01
   2.4769231e-01   8.9815592e-01
   2.4923077e-01   8.9815063e-01
   2.5076923e-01   8.9815592e-01
   2.5230769e-01   8.9817182e-01
   2.5384615e-01   8.9819830e-01
   2.5538462e-01   8.9823538e-01
   2.5692308e-01   8.9828304e-01
   2.5846154e-01   8.9834128e-01
   2.6000000e-01   8.9841009e-01
   2.6153846e-01   8.9848947e-01
   2.6307692e-01   8.9857939e-01
   2.6461538e-01   8.9867986e-01
   2.6615385e-01   8.9879085e-01
   2.6769231e-01   8.9891236e-01
   2.6923077e-01   8.9904437e-01
   2.7076923e-01   8.9918685e-01
   2.7230769e-01   8.9933980e-01
   2.7384615e-01   8.9950319e-01
   2.7538462e-01   8.9967701e-01
   2.7692308e-01   8.9986122e-01
   2.7846154e-01   9.0005581e-01
   2.8000000e-01   9.0026076e-01
   2.8153846e-01   9.0047602e-01
   2.8307692e-01   9.0070159e-01
   2.8461538e-01   9.0093742e-01
   2.8615385e-01   9.0118349e-01
   2.8769231e-01   9.0143977e-01
   2.8923077e-01   9.0170623e-01
   2.9076923e-01   9.0198282e-01
   2.9230769e-01   9.0226952e-01
   2.9384615e-01   9.0256629e-01
   2.9538462e-01   9.0287309e-01
   2.9692308e-01   9.0318989e-01
   2.9846154e-01   9.0351663e-01
   3.0000000e-01   9.0385329e-01
   3.0153846e-01   9.0419982e-01
   3.0307692e-01   9.0455617e-01
   3.0461538e-01   9.0492230e-01
   3.0615385e-01   9.0529816e-01
   3.0769231e-01   9.0568372e-01
   3.0923077e-01   9.0607891e-01
   3.1076923e-01   9.0648369e-01
   3.1230769e-01   9.0689801e-01
   3.1384615e-01   9.0732181e-01
   3.1538462e-01   9.0775505e-01
   3.1692308e-01   9.0819767e-01
   3.1846154e-01   9.0864961e-01
   3.2000000e-01   9.0911083e-01
   3.2153846e-01   9.0958125e-01
   3.2307692e-01   9.1006083e-01
   3.2461538e-01   9.1054950e-01
   3.2615385e-01   9.1104721e-01
   3.2769231e-01   9.1155388e-01
   3.2923077e-01   9.1206947e-01
   3.3076923e-01   9.1259391e-01
   3.3230769e-01   9.1312713e-01
   3.3384615e-01   9.1366906e-01
   3.3538462e-01   9.1421965e-01
   3.3692308e-01   9.1477882e-01
   3.3846154e-01   9.1534651e-01
   3.4000000e-01   9.1592265e-01
   3.4153846e-01   9.1650716e-01
   3.4307692e-01   9.1709998e-01
   3.4461538e-01   9.1770104e-01
   3.4615385e-01   9.1831026e-01
   3.4769231e-01   9.1892758e-01
   3.4923077e-01   9.1955291e-01
   3.5076923e-01   9.2018618e-01
   3.5230769e-01   9.2082732e-01
   3.5384615e-01   9.2147624e-01
   3.5538462e-01   9.2213289e-01
   3.5692308e-01   9.2279716e-01
   3.5846154e-01   9.2346900e-01
   3.6000000e-01   9.2414831e-01
   3.6153846e-01   9.2483502e-01
   3.6307692e-01   9.2552905e-01
   3.6461538e-01   9.2623031e-01
   3.6615385e-01   9.2693873e-01
   3.6769231e-01   9.2765422e-01
   3.6923077e-01   9.2837670e-01
   3.7076923e-01   9.2910608e-01
   3.7230769e-01   9.2984229e-01
   3.7384615e-01   9.3058523e-01
   3.7538462e-01   9.3133482e-01
   3.7692308e-01   9.3209097e-01
   3.7846154e-01   9.3285361e-01
   3.8000000e-01   9.3362263e-01
   3.8153846e-01   9.3439796e-01
   3.8307692e-01   9.3517950e-01
   3.8461538e-01   9.3596717e-01
   3.8615385e-01   9.3676087e-01
   3.8769231e-01   9.3756053e-01
   3.8923077e-01   9.3836604e-01
   3.9076923e-01   9.3917732e-01
   3.9230769e-01   9.3999428e-01
   3.9384615e-01   9.4081683e-01
   3.9538462e-01   9.4164487e-01
   3.9692308e-01   9.4247831e-01
   3.9846154e-01   9.4331706e-01
   4.0000000e-01   9.4416104e-01
   4.0153846e-01   9.4501014e-01
   4.0307692e-01   9.4586427e-01
   4.0461538e-01   9.4672334e-01
   4.0615385e-01   9.4758726e-01
   4.0769231e-01   9.4845593e-01
   4.0923077e-01   9.4932926e-01
   4.1076923e-01   9.5020716e-01
   4.1230769e-01   9.5108952e-01
   4.1384615e-01   9.5197625e-01
   4.1538462e-01   9.5286727e-01
   4.1692308e-01   9.5376247e-01
   4.1846154e-01   9.5466176e-01
   4.2000000e-01   9.5556505e-01
   4.2153846e-01   9.5647223e-01
   4.2307692e-01   9.5738321e-01
   4.2461538e-01   9.5829791e-01
   4.2615385e-01   9.5921621e-01
   4.2769231e-01   9.6013802e-01
   4.2923077e-01   9.6106326e-01
   4.3076923e-01   9.6199182e-01
   4.3230769e-01   9.6292360e-01
   4.3384615e-01   9.6385851e-01
   4.3538462e-01   9.6479646e-01
   4.3692308e-01   9.6573734e-01
   4.3846154e-01   9.6668106e-01
   4.4000000e-01   9.6762753e-01
   4.4153846e-01   9.6857665e-01
   4.4307692e-01   9.6952832e-01
   4.4461538e-01   9.7048244e-01
   4.4615385e-01   9.7143892e-01
   4.4769231e-01   9.7239767e-01
   4.4923077e-01   9.7335858e-01
   4.5076923e-01   9.7432156e-01
   4.5230769e-01   9.7528652e-01
   4.5384615e-01   9.7625335e-01
   4.5538462e-01   9.7722197e-01
   4.5692308e-01   9.7819228e-01
   4.5846154e-01   9.7916417e-01
   4.6000000e-01   9.8013757e-01
   4.6153846e-01   9.8111236e-01
   4.6307692e-01   9.8208847e-01
   4.6461538e-01   9.8306578e-01
   4.6615385e-01   9.8404421e-01
   4.6769231e-01   9.8502366e-01
   4.6923077e-01   9.8600403e-01
   4.7076923e-01   9.8698524e-01
   4.7230769e-01   9.8796719e-01
   4.7384615e-01   9.8894979e-01
   4.7538462e-01   9.8993293e-01
   4.7692308e-01   9.9091654e-01
   4.7846154e-01   9.9190051e-01
   4.8000000e-01   9.9288475e-01
   4.8153846e-01   9.9386917e-01
   4.8307692e-01   9.9485368e-01
   4.8461538e-01   9.9583818e-01
   4.8615385e-01   9.9682259e-01
   4.8769231e-01   9.9780680e-01
   4.8923077e-01   9.9879074e-01
   4.9076923e-01   9.9977431e-01
   4.9230769e-01   1.0007574e+00
   4.9384615e-01   1.0017400e+00
   4.9538462e-01   1.0027219e+00
   4.9692308e-01   1.0037031e+00
   4.9846154e-01   1.0046834e+00
   5.0000000e-01   6.8807177e-01
   5.0153846e-01   6.8904401e-01
   5.0307692e-01   6.9001474e-01
   5.0461538e-01   6.9098388e-01
   5.0615385e-01   6.9195134e-01
   5.0769231e-01   6.9291705e-01
   5.0923077e-01   6.9388092e-01
   5.1076923e-01   6.9484287e-01
   5.1230769e-01   6.9580281e-01
   5.1384615e-01   6.9676067e-01
   5.1538462e-01   6.9771636e-01
   5.1692308e-01   6.9866981e-01
   5.1846154e-01   6.9962093e-01
   5.2000000e-01   7.0056965e-01
   5.2153846e-01   7.0151589e-01
   5.2307692e-01   7.0245956e-01
   5.2461538e-01   7.0340059e-01
   5.2615385e-01   7.0433891e-01
   5.2769231e-01   7.0527443e-01
   5.2923077e-01   7.0620708e-01
   5.3076923e-01   7.0713679e-01
   5.3230769e-01   7.0806348e-01
   5.3384615e-01   7.0898708e-01
   5.3538462e-01   7.0990750e-01
   5.3692308e-01   7.1082469e-01
   5.3846154e-01   7.1173855e-01
   5.4000000e-01   7.1264904e-01
   5.4153846e-01   7.1355606e-01
   5.4307692e-01   7.1445955e-01
   5.4461538e-01   7.1535944e-01
   5.4615385e-01   7.1625565e-01
   5.4769231e-01   7.1714813e-01
   5.4923077e-01   7.1803679e-01
   5.5076923e-01   7.1892157e-01
   5.5230769e-01   7.1980241e-01
   5.5384615e-01   7.2067922e-01
   5.5538462e-01   7.2155196e-01
   5.5692308e-01   7.2242054e-01
   5.5846154e-01   7.2328491e-01
   5.6000000e-01   7.2414500e-01
   5.6153846e-01   7.2500075e-01
   5.6307692e-01   7.2585208e-01
   5.6461538e-01   7.2669893e-01
   5.6615385e-01   7.2754125e-01
   5.6769231e-01   7.2837897e-01
   5.6923077e-01   7.2921202e-01
   5.7076923e-01   7.3004035e-01
   5.7230769e-01   7.3086390e-01
   5.7384615e-01   7.3168260e-01
   5.7538462e-01   7.3249639e-01
   5.7692308e-01   7.3330521e-01
   5.7846154e-01   7.3410901e-01
   5.8000000e-01   7.3490772e-01
   5.8153846e-01   7.3570129e-01
   5.8307692e-01   7.3648967e-01
   5.8461538e-01   7.3727278e-01
   5.8615385e-01   7.3805059e-01
   5.8769231e-01   7.3882302e-01
   5.8923077e-01   7.3959004e-01
   5.9076923e-01   7.4035157e-01
   5.9230769e-01   7.4110757e-01
   5.9384615e-01   7.4185799e-01
   5.9538462e-01   7.4260277e-01
   5.9692308e-01   7.4334185e-01
   5.9846154e-01   7.4407519e-01
   6.0000000e-01   7.4480274e-01
   6.0153846e-01   7.4552444e-01
   6.0307692e-01   7.4624024e-01
   6.0461538e-01   7.4695010e-01
   6.0615385e-01   7.4765396e-01
   6.0769231e-01   7.4835178e-01
   6.0923077e-01   7.4904351e-01
   6.1076923e-01   7.4972909e-01
   6.1230769e-01   7.5040849e-01
   6.1384615e-01   7.5108165e-01
   6.1538462e-01   7.5174854e-01
   6.1692308e-01   7.5240910e-01
   6.1846154e-01   7.5306328e-01
   6.2000000e-01   7.5371106e-01
   6.2153846e-01   7.5435237e-01
   6.2307692e-01   7.5498718e-01
   6.2461538e-01   7.5561545e-01
   6.2615385e-01   7.5623713e-01
   6.2769231e-01   7.5685218e-01
   6.2923077e-01   7.5746056e-01
   6.3076923e-01   7.5806222e-01
   6.3230769e-01   7.5865714e-01
   6.3384615e-01   7.5924527e-01
   6.3538462e-01   7.5982656e-01
   6.3692308e-01   7.6040099e-01
   6.3846154e-01   7.6096851e-01
   6.4000000e-01   7.6152908e-01
   6.4153846e-01   7.6208268e-01
   6.4307692e-01   7.6262925e-01
   6.4461538e-01   7.6316877e-01
   6.4615385e-01   7.6370121e-01
   6.4769231e-01   7.6422652e-01
   6.4923077e-01   7.6474467e-01
   6.5076923e-01   7.6525562e-01
   6.5230769e-01   7.6575936e-01
   6.5384615e-01   7.6625583e-01
   6.5538462e-01   7.6674502e-01
   6.5692308e-01   7.6722688e-01
   6.5846154e-01   7.6770139e-01
   6.6000000e-01   7.6816851e-01
   6.6153846e-01   7.6862822e-01
   6.6307692e-01   7.6908048e-01
   6.6461538e-01   7.6952528e-01
   6.6615385e-01   7.6996257e-01
   6.6769231e-01   7.7039233e-01
   6.6923077e-01   7.7081453e-01
   6.7076923e-01   7.7122915e-01
   6.7230769e-01   7.7163616e-01
   6.7384615e-01   7.7203554e-01
   6.7538462e-01   7.7242725e-01
   6.7692308e-01   7.7281127e-01
   6.7846154e-01   7.7318758e-01
   6.8000000e-01   7.7355616e-01
   6.8153846e-01   7.7391698e-01
   6.8307692e-01   7.7427001e-01
   6.8461538e-01   7.7461525e-01
   6.8615385e-01   7.7495266e-01
   6.8769231e-01   7.7528222e-01
   6.8923077e-01   7.7560391e-01
   6.9076923e-01   7.7591771e-01
   6.9230769e-01   7.7622361e-01
   6.9384615e-01   7.7652158e-01
   6.9538462e-01   7.7681161e-01
   6.9692308e-01   7.7709367e-01
   6.9846154e-01   7.7736775e-01
   7.0000000e-01   7.7763383e-01
   7.0153846e-01   7.7789189e-01
   7.0307692e-01   7.7814193e-01
   7.0461538e-01   7.7838391e-01
   7.0615385e-01   7.7861784e-01
   7.0769231e-01   7.7884369e-01
   7.0923077e-01   7.7906145e-01
   7.1076923e-01   7.7927110e-01
   7.1230769e-01   7.7947263e-01
   7.1384615e-01   7.7966604e-01
   7.1538462e-01   7.7985131e-01
   7.1692308e-01   7.8002842e-01
   7.1846154e-01   7.8019736e-01
   7.2000000e-01   7.8035813e-01
   7.2153846e-01   7.8051072e-01
   7.2307692e-01   7.8065511e-01
   7.2461538e-01   7.8079130e-01
   7.2615385e-01   7.8091928e-01
   7.2769231e-01   7.8103904e-01
   7.2923077e-01   7.8115057e-01
   7.3076923e-01   7.8125387e-01
   7.3230769e-01   7.8134892e-01
   7.3384615e-01   7.8143573e-01
   7.3538462e-01   7.8151429e-01
   7.3692308e-01   7.8158459e-01
   7.3846154e-01   7.8164664e-01
   7.4000000e-01   7.8170041e-01
   7.4153846e-01   7.8174592e-01
   7.4307692e-01   7.8178316e-01
   7.4461538e-01   7.8181213e-01
   7.4615385e-01   7.8183282e-01
   7.4769231e-01   7.8184524e-01
   7.4923077e-01   7.8184937e-01
   7.5076923e-01   7.8184524e-01
   7.5230769e-01   7.8183282e-01
   7.5384615e-01   7.8181213e-01
   7.5538462e-01   7.8178316e-01
   7.5692308e-01   7.8174592e-01
   7.5846154e-01   7.8170041e-01
   7.6000000e-01   7.8164664e-01
   7.6153846e-01   7.8158459e-01
   7.6307692e-01   7.8151429e-01
   7.6461538e-01   7.8143573e-01
   7.6615385e-01   7.8134892e-01
   7.6769231e-01   7.8125387e-01
   7.6923077e-01   7.8115057e-01
   7.7076923e-01   7.8103904e-01
   7.7230769e-01   7.8091928e-01
   7.7384615e-01   7.8079130e-01
   7.7538462e-01   7.8065511e-01
   7.7692308e-01   7.8051072e-01
   7.7846154e-01   7.8035813e-01
   7.8000000e-01   7.8019736e-01
   7.8153846e-01   7.8002842e-01
   7.8307692e-01   7.7985131e-01
   7.8461538e-01   7.7966604e-01
   7.8615385e-01   7.7947263e-01
   7.8769231e-01   7.7927110e-01
   7.8923077e-01   7.7906145e-01
   7.9076923e-01   7.7884369e-01
   7.9230769e-01   7.7861784e-01
   7.9384615e-01   7.7838391e-01
   7.9538462e-01   7.7814193e-01
   7.9692308e-01   7.7789189e-01
   7.9846154e-01   7.7763383e-01
   8.0000000e-01   7.7736775e-01
   8.0153846e-01   7.7709367e-01
   8.0307692e-01   7.7681161e-01
   8.0461538e-01   7.7652158e-01
   8.0615385e-01   7.7622361e-01
   8.0769231e-01   7.7591771e-01
   8.0923077e-01   7.7560391e-01
   8.1076923e-01   7.7528222e-01
   8.1230769e-01   7.7495266e-01
   8.1384615e-01   7.7461525e-01
   8.1538462e-01   7.7427001e-01
   8.1692308e-01   7.7391698e-01
   8.1846154e-01   7.7355616e-01
   8.2000000e-01   7.7318758e-01
   8.2153846e-01   7.7281127e-01
   8.2307692e-01   7.7242725e-01
   8.2461538e-01   7.7203554e-01
   8.2615385e-01   7.7163616e-01
   8.2769231e-01   7.7122915e-01
   8.2923077e-01   7.7081453e-01
   8.3076923e-01   7.7039233e-01
   8.3230769e-01   7.6996257e-01
   8.3384615e-01   7.6952528e-01
   8.3538462e-01   7.6908048e-01
   8.3692308e-01   7.6862822e-01
   8.3846154e-01   7.6816851e-01
   8.4000000e-01   7.6770139e-01
   8.4153846e-01   7.6722688e-01
   8.4307692e-01   7.6674502e-01
   8.4461538e-01   7.6625583e-01
   8.4615385e-01   7.6575936e-01
   8.4769231e-01   7.6525562e-01
   8.4923077e-01   7.6474467e-01
   8.5076923e-01   7.6422652e-01
   8.5230769e-01   7.6370121e-01
   8.5384615e-01   7.6316877e-01
   8.5538462e-01   7.6262925e-01
   8.5692308e-01   7.6208268e-01
   8.5846154e-01   7.6152908e-01
   8.6000000e-01   7.6096851e-01
   8.6153846e-01   7.6040099e-01
   8.6307692e-01   7.5982656e-01
   8.6461538e-01   7.5924527e-01
   8.6615385e-01   7.5865714e-01
   8.6769231e-01   7.5806222e-01
   8.6923077e-01   7.5746056e-01
   8.7076923e-01   7.5685218e-01
   8.7230769e-01   7.5623713e-01
   8.7384615e-01   7.5561545e-01
   8.7538462e-01   7.5498718e-01
   8.7692308e-01   7.5435237e-01
   8.7846154e-01   7.5371106e-01
   8.8000000e-01   7.5306328e-01
   8.8153846e-01   7.5240910e-01
   8.8307692e-01   7.5174854e-01
   8.8461538e-01   7.5108165e-01
   8.8615385e-01   7.5040849e-01
   8.8769231e-01   7.4972909e-01
   8.8923077e-01   7.4904351e-01
   8.9076923e-01   7.4835178e-01
   8.9230769e-01   7.4765396e-01
   8.9384615e-01   7.4695010e-01
   8.9538462e-01   7.4624024e-01
   8.9692308e-01   7.4552444e-01
   8.9846154e-01   7.4480274e-01
   9.0000000e-01   7.4407519e-01
   9.0153846e-01   7.4334185e-01
   9.0307692e-01   7.4260277e-01
   9.0461538e-01   7.4185799e-01
   9.0615385e-01   7.4110757e-01
   9.0769231e-01   7.4035157e-01
   9.0923077e-01   7.3959004e-01
   9.1076923e-01   7.3882302e-01
   9.1230769e-01   7.3805059e-01
   9.1384615e-01   7.3727278e-01
   9.1538462e-01   7.3648967e-01
   9.1692308e-01   7.3570129e-01
   9.1846154e-01   7.3490772e-01
   9.2000000e-01   7.3410901e-01
   9.2153846e-01   7.3330521e-01
   9.2307692e-01   7.3249639e-01
   9.2461538e-01   7.3168260e-01
   9.2615385e-01   7.3086390e-01
   9.2769231e-01   7.3004035e-01
   9.2923077e-01   7.2921202e-01
   9.3076923e-01   7.2837897e-01
   9.3230769e-01   7.2754125e-01
   9.3384615e-01   7.2669893e-01
   9.3538462e-01   7.2585208e-01
   9.3692308e-01   7.2500075e-01
   9.3846154e-01   7.2414500e-01
   9.4000000e-01   7.2328491e-01
   9.4153846e-01   7.2242054e-01
   9.4307692e-01   7.2155196e-01
   9.4461538e-01   7.2067922e-01
   9.4615385e-01   7.1980241e-01
   9.4769231e-01   7.1892157e-01
   9.4923077e-01   7.1803679e-01
   9.5076923e-01   7.1714813e-01
   9.5230769e-01   7.1625565e-01
   9.5384615e-01   7.1535944e-01
   9.5538462e-01   7.1445955e-01
   9.5692308e-01   7.1355606e-01
   9.5846154e-01   7.1264904e-01
   9.6000000e-01   7.1173855e-01
   9.6153846e-01   7.1082469e-01
   9.6307692e-01   7.0990750e-01
   9.6461538e-01   7.0898708e-01
   9.6615385e-01   7.0806348e-01
   9.6769231e-01   7.0713679e-01
   9.6923077e-01   7.0620708e-01
   9.7076923e-01   7.0527443e-01
   9.7230769e-01   7.0433891e-01
   9.7384615e-01   7.0340059e-01
   9.7538462e-01   7.0245956e-01
   9.7692308e-01   7.0151589e-01
   9.7846154e-01   7.0056965e-01
   9.8000000e-01   6.9962093e-01
   9.8153846e-01   6.9866981e-01
   9.8307692e-01   6.9771636e-01
   9.8461538e-01   6.9676067e-01
   9.8615385e-01   6.9580281e-01
   9.8769231e-01   6.9484287e-01
   9.8923077e-01   6.9388092e-01
   9.9076923e-01   6.9291705e-01
   9.9230769e-01   6.9195134e-01
   9.9384615e-01   6.9098388e-01
   9.9538462e-01   6.9001474e-01
   9.9692308e-01   6.8904401e-01
   9.9846154e-01   6.8807177e-01
