unit_count = 1000.000000
cylinders_per_unit_min = 1.000000
cylinders_per_unit_max = 7.000000
r_avg = 300.000000
r_stdev = 30.000000
l_avg = 650.000000
l_stdev = 3.000000
alpha_stdev = 10.000000
zdisp = 0.000000
rho1 = 0.500000
rho2 = 0.700000
period_proportion = 0.500000
period_proportion_stdev = 0.000000
period_min = 7.000000
period_max = 17.000000
tilt_lattice = 1.000000
use_random_orientation = 1.000000
k file name = kfile_eq
electron density file name = 
*********
0.000000 0.000000 0.000000 36472725433394957123584.0000000000000000
0.000000 0.000100 0.000000 35598907331799645421568.0000000000000000
0.000000 0.000200 0.000000 33157384857680483450880.0000000000000000
0.000000 0.000300 0.000000 29625397241660145926144.0000000000000000
0.000000 0.000400 0.000000 25618389524108539854848.0000000000000000
0.000000 0.000500 0.000000 21704625012988807479296.0000000000000000
0.000000 0.000600 0.000000 18268495742396761374720.0000000000000000
0.000000 0.000700 0.000000 15465678316347370504192.0000000000000000
0.000000 0.000800 0.000000 13265581971109671075840.0000000000000000
0.000000 0.000900 0.000000 11539942780987609448448.0000000000000000
0.000000 0.001000 0.000000 10147700596038684377088.0000000000000000
0.000000 0.001100 0.000000 8983826687795181649920.0000000000000000
0.000000 0.001200 0.000000 7987774715399606632448.0000000000000000
0.000000 0.001300 0.000000 7127916407885326712832.0000000000000000
0.000000 0.001400 0.000000 6382845969802848108544.0000000000000000
0.000000 0.001500 0.000000 5731875425700687118336.0000000000000000
0.000000 0.001600 0.000000 5155207359171670310912.0000000000000000
0.000000 0.001700 0.000000 4637590483292637364224.0000000000000000
0.000000 0.001800 0.000000 4169852702380631523328.0000000000000000
0.000000 0.001900 0.000000 3747090532742393233408.0000000000000000
0.000000 0.002000 0.000000 3365712315183993978880.0000000000000000
0.000000 0.002100 0.000000 3021765500421474353152.0000000000000000
0.000000 0.002200 0.000000 2711079242966717956096.0000000000000000
0.000000 0.002300 0.000000 2430088229049761005568.0000000000000000
0.000000 0.002400 0.000000 2176111917087368413184.0000000000000000
0.000000 0.002500 0.000000 1946893527023192637440.0000000000000000
0.000000 0.002600 0.000000 1740064136488102920192.0000000000000000
0.000000 0.002700 0.000000 1553138113000420671488.0000000000000000
0.000000 0.002800 0.000000 1383972568767311904768.0000000000000000
0.000000 0.002900 0.000000 1231139284932118708224.0000000000000000
0.000000 0.003000 0.000000 1093800868261262524416.0000000000000000
0.000000 0.003100 0.000000 971204037833857957888.0000000000000000
0.000000 0.003200 0.000000 862245022631716454400.0000000000000000
0.000000 0.003300 0.000000 765440142878178541568.0000000000000000
0.000000 0.003400 0.000000 679242431802669924352.0000000000000000
0.000000 0.003500 0.000000 602380939508420706304.0000000000000000
0.000000 0.003600 0.000000 533963493754399752192.0000000000000000
0.000000 0.003700 0.000000 473341956739147563008.0000000000000000
0.000000 0.003800 0.000000 419919772928635502592.0000000000000000
0.000000 0.003900 0.000000 373053504659517997056.0000000000000000
0.000000 0.004000 0.000000 332056312821604089856.0000000000000000
0.000000 0.004100 0.000000 296224652353094615040.0000000000000000
0.000000 0.004200 0.000000 264845222691416571904.0000000000000000
0.000000 0.004300 0.000000 237216299360235487232.0000000000000000
0.000000 0.004400 0.000000 212725737399426416640.0000000000000000
0.000000 0.004500 0.000000 190955067966913773568.0000000000000000
0.000000 0.004600 0.000000 171715630573013499904.0000000000000000
0.000000 0.004700 0.000000 154953865259847942144.0000000000000000
0.000000 0.004800 0.000000 140572479483620950016.0000000000000000
0.000000 0.004900 0.000000 128298756020465860608.0000000000000000
0.000000 0.005000 0.000000 117704584866193293312.0000000000000000
0.000000 0.005100 0.000000 108362008213869395968.0000000000000000
0.000000 0.005200 0.000000 100008144489521922048.0000000000000000
0.000000 0.005300 0.000000 92589519244346212352.0000000000000000
0.000000 0.005400 0.000000 86158533603411132416.0000000000000000
0.000000 0.005500 0.000000 80713544858447052800.0000000000000000
0.000000 0.005600 0.000000 76110331944411086848.0000000000000000
0.000000 0.005700 0.000000 72103766791881138176.0000000000000000
0.000000 0.005800 0.000000 68469874494358454272.0000000000000000
0.000000 0.005900 0.000000 65101770429869268992.0000000000000000
0.000000 0.006000 0.000000 62008123074502221824.0000000000000000
0.000000 0.006100 0.000000 59230710991393611776.0000000000000000
0.000000 0.006200 0.000000 56760555374954094592.0000000000000000
0.000000 0.006300 0.000000 54521411653045035008.0000000000000000
0.000000 0.006400 0.000000 52422633618043338752.0000000000000000
0.000000 0.006500 0.000000 50423078154119151616.0000000000000000
0.000000 0.006600 0.000000 48544686549574467584.0000000000000000
0.000000 0.006700 0.000000 46825898744243748864.0000000000000000
0.000000 0.006800 0.000000 45261318635081162752.0000000000000000
0.000000 0.006900 0.000000 43784639158702071808.0000000000000000
0.000000 0.007000 0.000000 42309973408672956416.0000000000000000
0.000000 0.007100 0.000000 40792976293996560384.0000000000000000
0.000000 0.007200 0.000000 39256856718952595456.0000000000000000
0.000000 0.007300 0.000000 37762709078447398912.0000000000000000
0.000000 0.007400 0.000000 36354697781797777408.0000000000000000
0.000000 0.007500 0.000000 35030466468887330816.0000000000000000
0.000000 0.007600 0.000000 33758770029089701888.0000000000000000
0.000000 0.007700 0.000000 32519152235484438528.0000000000000000
0.000000 0.007800 0.000000 31319172453724524544.0000000000000000
0.000000 0.007900 0.000000 30171566914124451840.0000000000000000
0.000000 0.008000 0.000000 29058863182337073152.0000000000000000
0.000000 0.008100 0.000000 27929574053376487424.0000000000000000
0.000000 0.008200 0.000000 26739262529542148096.0000000000000000
0.000000 0.008300 0.000000 25500619670997786624.0000000000000000
0.000000 0.008400 0.000000 24289268185709334528.0000000000000000
0.000000 0.008500 0.000000 23188025170293706752.0000000000000000
0.000000 0.008600 0.000000 22211702631253323776.0000000000000000
0.000000 0.008700 0.000000 21281410068865052672.0000000000000000
0.000000 0.008800 0.000000 20282571773758181376.0000000000000000
0.000000 0.008900 0.000000 19170875405773660160.0000000000000000
0.000000 0.009000 0.000000 18044869178922475520.0000000000000000
0.000000 0.009100 0.000000 17122915082018654208.0000000000000000
0.000000 0.009200 0.000000 16630932887149936640.0000000000000000
0.000000 0.009300 0.000000 16670605094430801920.0000000000000000
0.000000 0.009400 0.000000 17148231576471705600.0000000000000000
0.000000 0.009500 0.000000 17800607486545360896.0000000000000000
0.000000 0.009600 0.000000 18295172406067726336.0000000000000000
0.000000 0.009700 0.000000 18349035694211086336.0000000000000000
0.000000 0.009800 0.000000 17817057984305563648.0000000000000000
0.000000 0.009900 0.000000 16724607581263208448.0000000000000000
0.000000 0.010000 0.000000 15243110915896020992.0000000000000000
0.000000 0.010100 0.000000 13619993348160897024.0000000000000000
0.000000 0.010200 0.000000 12086375100360677376.0000000000000000
0.000000 0.010300 0.000000 10778121485907058688.0000000000000000
0.000000 0.010400 0.000000 9707004906297294848.0000000000000000
0.000000 0.010500 0.000000 8796611299930762240.0000000000000000
0.000000 0.010600 0.000000 7959018796954068992.0000000000000000
0.000000 0.010700 0.000000 7160578656294695936.0000000000000000
0.000000 0.010800 0.000000 6433593997354082304.0000000000000000
0.000000 0.010900 0.000000 5832495372554363904.0000000000000000
0.000000 0.011000 0.000000 5375606560610637824.0000000000000000
0.000000 0.011100 0.000000 5021586387114931200.0000000000000000
0.000000 0.011200 0.000000 4697170050475169792.0000000000000000
0.000000 0.011300 0.000000 4349030880307035648.0000000000000000
0.000000 0.011400 0.000000 3975272205457034240.0000000000000000
0.000000 0.011500 0.000000 3613861843711414784.0000000000000000
0.000000 0.011600 0.000000 3303804054276883968.0000000000000000
0.000000 0.011700 0.000000 3054973722882234880.0000000000000000
0.000000 0.011800 0.000000 2849071799330652672.0000000000000000
0.000000 0.011900 0.000000 2663438744691840000.0000000000000000
0.000000 0.012000 0.000000 2491263127507232256.0000000000000000
0.000000 0.012100 0.000000 2340552510751863296.0000000000000000
0.000000 0.012200 0.000000 2217783244422495744.0000000000000000
0.000000 0.012300 0.000000 2116059712544009216.0000000000000000
0.000000 0.012400 0.000000 2019965196284699904.0000000000000000
0.000000 0.012500 0.000000 1920468072407105280.0000000000000000
0.000000 0.012600 0.000000 1823310398413608960.0000000000000000
0.000000 0.012700 0.000000 1742291932834002176.0000000000000000
0.000000 0.012800 0.000000 1685022718933793536.0000000000000000
0.000000 0.012900 0.000000 1645986533813667328.0000000000000000
0.000000 0.013000 0.000000 1613410657357856512.0000000000000000
0.000000 0.013100 0.000000 1581966381322022400.0000000000000000
0.000000 0.013200 0.000000 1557733263335509504.0000000000000000
0.000000 0.013300 0.000000 1550311896267781632.0000000000000000
0.000000 0.013400 0.000000 1560309212406169600.0000000000000000
0.000000 0.013500 0.000000 1575137242292022528.0000000000000000
0.000000 0.013600 0.000000 1577839152482210304.0000000000000000
0.000000 0.013700 0.000000 1560989611917925888.0000000000000000
0.000000 0.013800 0.000000 1532928246618285056.0000000000000000
0.000000 0.013900 0.000000 1510809668756112128.0000000000000000
0.000000 0.014000 0.000000 1506853270014224640.0000000000000000
0.000000 0.014100 0.000000 1519667720964652032.0000000000000000
0.000000 0.014200 0.000000 1537256080169710080.0000000000000000
0.000000 0.014300 0.000000 1547911649536075776.0000000000000000
0.000000 0.014400 0.000000 1549195702797235712.0000000000000000
0.000000 0.014500 0.000000 1548102935177167616.0000000000000000
0.000000 0.014600 0.000000 1553693499633966848.0000000000000000
0.000000 0.014700 0.000000 1569338047687329536.0000000000000000
0.000000 0.014800 0.000000 1590834173014870528.0000000000000000
0.000000 0.014900 0.000000 1610866980100332544.0000000000000000
0.000000 0.015000 0.000000 1625127181334907904.0000000000000000
0.000000 0.015100 0.000000 1634892688940786944.0000000000000000
0.000000 0.015200 0.000000 1644606604198622976.0000000000000000
0.000000 0.015300 0.000000 1657262836364941056.0000000000000000
0.000000 0.015400 0.000000 1671773240330756352.0000000000000000
0.000000 0.015500 0.000000 1684303917682626560.0000000000000000
0.000000 0.015600 0.000000 1692037086783570688.0000000000000000
0.000000 0.015700 0.000000 1695905337816841216.0000000000000000
0.000000 0.015800 0.000000 1699959358775392256.0000000000000000
0.000000 0.015900 0.000000 1708064129328942592.0000000000000000
0.000000 0.016000 0.000000 1720942946460556288.0000000000000000
0.000000 0.016100 0.000000 1736200821981847296.0000000000000000
0.000000 0.016200 0.000000 1751189353899166720.0000000000000000
0.000000 0.016300 0.000000 1765905783136252928.0000000000000000
0.000000 0.016400 0.000000 1783059341148205056.0000000000000000
0.000000 0.016500 0.000000 1805169481395971840.0000000000000000
0.000000 0.016600 0.000000 1831566037550116352.0000000000000000
0.000000 0.016700 0.000000 1858463513749887488.0000000000000000
0.000000 0.016800 0.000000 1882375812391731968.0000000000000000
0.000000 0.016900 0.000000 1903722611061001216.0000000000000000
0.000000 0.017000 0.000000 1926990058835154944.0000000000000000
0.000000 0.017100 0.000000 1956967133300764416.0000000000000000
0.000000 0.017200 0.000000 1994437270288848384.0000000000000000
0.000000 0.017300 0.000000 2035405861341297664.0000000000000000
0.000000 0.017400 0.000000 2074622104638528000.0000000000000000
0.000000 0.017500 0.000000 2109994964512374528.0000000000000000
0.000000 0.017600 0.000000 2143673238339793408.0000000000000000
0.000000 0.017700 0.000000 2178957239546706176.0000000000000000
0.000000 0.017800 0.000000 2216419962626773504.0000000000000000
0.000000 0.017900 0.000000 2253315599029035008.0000000000000000
0.000000 0.018000 0.000000 2286789752346913024.0000000000000000
0.000000 0.018100 0.000000 2317283672468908032.0000000000000000
0.000000 0.018200 0.000000 2348228000651421696.0000000000000000
0.000000 0.018300 0.000000 2382082923565224960.0000000000000000
0.000000 0.018400 0.000000 2416880490022991360.0000000000000000
0.000000 0.018500 0.000000 2447211011664630784.0000000000000000
0.000000 0.018600 0.000000 2469045355264471552.0000000000000000
0.000000 0.018700 0.000000 2483547104104346112.0000000000000000
0.000000 0.018800 0.000000 2495695436614578688.0000000000000000
0.000000 0.018900 0.000000 2508741990346464256.0000000000000000
0.000000 0.019000 0.000000 2520043509693027328.0000000000000000
0.000000 0.019100 0.000000 2522822691414687232.0000000000000000
0.000000 0.019200 0.000000 2512578162151428096.0000000000000000
0.000000 0.019300 0.000000 2491943782852869120.0000000000000000
0.000000 0.019400 0.000000 2468913336964899328.0000000000000000
0.000000 0.019500 0.000000 2449688530574157312.0000000000000000
0.000000 0.019600 0.000000 2432814186407102976.0000000000000000
0.000000 0.019700 0.000000 2410287917041462272.0000000000000000
0.000000 0.019800 0.000000 2374751470873498112.0000000000000000
0.000000 0.019900 0.000000 2326047337805519360.0000000000000000
0.000000 0.020000 0.000000 2271049939709091840.0000000000000000
0.000000 0.020100 0.000000 2217143817570931200.0000000000000000
0.000000 0.020200 0.000000 2165712367402896896.0000000000000000
0.000000 0.020300 0.000000 2111748730322423296.0000000000000000
0.000000 0.020400 0.000000 2049611457994111744.0000000000000000
0.000000 0.020500 0.000000 1979074219582813184.0000000000000000
0.000000 0.020600 0.000000 1905814094190786048.0000000000000000
0.000000 0.020700 0.000000 1836108042742110464.0000000000000000
0.000000 0.020800 0.000000 1771087186076162816.0000000000000000
0.000000 0.020900 0.000000 1706061778618636800.0000000000000000
0.000000 0.021000 0.000000 1635306156993345024.0000000000000000
0.000000 0.021100 0.000000 1557505046547580928.0000000000000000
0.000000 0.021200 0.000000 1476781265741744128.0000000000000000
0.000000 0.021300 0.000000 1398773531836060416.0000000000000000
0.000000 0.021400 0.000000 1325895975221942784.0000000000000000
0.000000 0.021500 0.000000 1256227287643467520.0000000000000000
0.000000 0.021600 0.000000 1186542831710137856.0000000000000000
0.000000 0.021700 0.000000 1116010057313653632.0000000000000000
0.000000 0.021800 0.000000 1046879020719940480.0000000000000000
0.000000 0.021900 0.000000 981904419809470208.0000000000000000
0.000000 0.022000 0.000000 921517416171724800.0000000000000000
0.000000 0.022100 0.000000 863685220037870464.0000000000000000
0.000000 0.022200 0.000000 806362020436511744.0000000000000000
0.000000 0.022300 0.000000 749776605123298048.0000000000000000
0.000000 0.022400 0.000000 696184599308246016.0000000000000000
0.000000 0.022500 0.000000 647505493098593664.0000000000000000
0.000000 0.022600 0.000000 603433077644679040.0000000000000000
0.000000 0.022700 0.000000 561969026017825728.0000000000000000
0.000000 0.022800 0.000000 521709186340633600.0000000000000000
0.000000 0.022900 0.000000 483409439479627584.0000000000000000
0.000000 0.023000 0.000000 449181863468355520.0000000000000000
0.000000 0.023100 0.000000 420165240986265600.0000000000000000
0.000000 0.023200 0.000000 395077062616518976.0000000000000000
0.000000 0.023300 0.000000 371144664378278656.0000000000000000
0.000000 0.023400 0.000000 346529855865299456.0000000000000000
0.000000 0.023500 0.000000 321911006401722624.0000000000000000
0.000000 0.023600 0.000000 299741262598161600.0000000000000000
0.000000 0.023700 0.000000 281930172929597312.0000000000000000
0.000000 0.023800 0.000000 268114602101609216.0000000000000000
0.000000 0.023900 0.000000 256024645192013632.0000000000000000
0.000000 0.024000 0.000000 243472180980031616.0000000000000000
0.000000 0.024100 0.000000 230096192775930112.0000000000000000
0.000000 0.024200 0.000000 217380229483185472.0000000000000000
0.000000 0.024300 0.000000 207095484679512992.0000000000000000
0.000000 0.024400 0.000000 199655174865720352.0000000000000000
0.000000 0.024500 0.000000 193786862756246080.0000000000000000
0.000000 0.024600 0.000000 187678907098949920.0000000000000000
0.000000 0.024700 0.000000 180518891772202880.0000000000000000
0.000000 0.024800 0.000000 173120699616063296.0000000000000000
0.000000 0.024900 0.000000 167180899150986752.0000000000000000
0.000000 0.025000 0.000000 163828915304323104.0000000000000000
0.000000 0.025100 0.000000 162652262168749376.0000000000000000
0.000000 0.025200 0.000000 161958467509295296.0000000000000000
0.000000 0.025300 0.000000 160057832630201376.0000000000000000
0.000000 0.025400 0.000000 156562318417097632.0000000000000000
0.000000 0.025500 0.000000 152679202576753824.0000000000000000
0.000000 0.025600 0.000000 150255386959594592.0000000000000000
0.000000 0.025700 0.000000 150322295304920096.0000000000000000
0.000000 0.025800 0.000000 152316074961179872.0000000000000000
0.000000 0.025900 0.000000 154616098285479232.0000000000000000
0.000000 0.026000 0.000000 155944029447935872.0000000000000000
0.000000 0.026100 0.000000 156415461872457792.0000000000000000
0.000000 0.026200 0.000000 157323664167004032.0000000000000000
0.000000 0.026300 0.000000 159857321879963616.0000000000000000
0.000000 0.026400 0.000000 163923772673389120.0000000000000000
0.000000 0.026500 0.000000 168161654549927488.0000000000000000
0.000000 0.026600 0.000000 171130896010705504.0000000000000000
0.000000 0.026700 0.000000 172572523750113888.0000000000000000
0.000000 0.026800 0.000000 173573476979875328.0000000000000000
0.000000 0.026900 0.000000 175514064102487744.0000000000000000
0.000000 0.027000 0.000000 178817850648231712.0000000000000000
0.000000 0.027100 0.000000 182668142580849568.0000000000000000
0.000000 0.027200 0.000000 185882229714521600.0000000000000000
0.000000 0.027300 0.000000 188019600553402432.0000000000000000
0.000000 0.027400 0.000000 189638182670943104.0000000000000000
0.000000 0.027500 0.000000 191527206836683872.0000000000000000
0.000000 0.027600 0.000000 193782719383548256.0000000000000000
0.000000 0.027700 0.000000 195701454132180256.0000000000000000
0.000000 0.027800 0.000000 196570056381668384.0000000000000000
0.000000 0.027900 0.000000 196472044723042528.0000000000000000
0.000000 0.028000 0.000000 196221163178141568.0000000000000000
0.000000 0.028100 0.000000 196473567573763584.0000000000000000
0.000000 0.028200 0.000000 196997495620548448.0000000000000000
0.000000 0.028300 0.000000 197015709036922784.0000000000000000
0.000000 0.028400 0.000000 196496671210892384.0000000000000000
0.000000 0.028500 0.000000 197239776849357312.0000000000000000
0.000000 0.028600 0.000000 202569570848088640.0000000000000000
0.000000 0.028700 0.000000 215487552427469120.0000000000000000
0.000000 0.028800 0.000000 236352792300534208.0000000000000000
0.000000 0.028900 0.000000 261600615890735680.0000000000000000
0.000000 0.029000 0.000000 284410806915513792.0000000000000000
0.000000 0.029100 0.000000 297135238240264384.0000000000000000
0.000000 0.029200 0.000000 294412486508003392.0000000000000000
0.000000 0.029300 0.000000 275593607454676992.0000000000000000
0.000000 0.029400 0.000000 245349609168090912.0000000000000000
0.000000 0.029500 0.000000 212002956214279712.0000000000000000
0.000000 0.029600 0.000000 184112450174963904.0000000000000000
0.000000 0.029700 0.000000 166836591226089504.0000000000000000
0.000000 0.029800 0.000000 159991430748842656.0000000000000000
0.000000 0.029900 0.000000 158970227601271392.0000000000000000
0.000000 0.030000 0.000000 157995107605176544.0000000000000000
0.000000 0.030100 0.000000 153611172727541600.0000000000000000
0.000000 0.030200 0.000000 146159166567069632.0000000000000000
0.000000 0.030300 0.000000 138463201717465984.0000000000000000
0.000000 0.030400 0.000000 133044334526612592.0000000000000000
0.000000 0.030500 0.000000 130152313793902880.0000000000000000
0.000000 0.030600 0.000000 128008638286653856.0000000000000000
0.000000 0.030700 0.000000 124699086094865392.0000000000000000
0.000000 0.030800 0.000000 119860502077167776.0000000000000000
0.000000 0.030900 0.000000 114735919074512160.0000000000000000
0.000000 0.031000 0.000000 110795998694784784.0000000000000000
0.000000 0.031100 0.000000 108382267443546672.0000000000000000
0.000000 0.031200 0.000000 106615608276302560.0000000000000000
0.000000 0.031300 0.000000 104475907936552384.0000000000000000
0.000000 0.031400 0.000000 101858701063504336.0000000000000000
0.000000 0.031500 0.000000 99570468577958928.0000000000000000
0.000000 0.031600 0.000000 98367912138504432.0000000000000000
0.000000 0.031700 0.000000 98083368880594752.0000000000000000
0.000000 0.031800 0.000000 97714568337258912.0000000000000000
0.000000 0.031900 0.000000 96342849208250816.0000000000000000
0.000000 0.032000 0.000000 93940080666684864.0000000000000000
0.000000 0.032100 0.000000 91300210353196368.0000000000000000
0.000000 0.032200 0.000000 89234915892325392.0000000000000000
0.000000 0.032300 0.000000 87861830794800368.0000000000000000
0.000000 0.032400 0.000000 86637465453374336.0000000000000000
0.000000 0.032500 0.000000 84999623993194816.0000000000000000
0.000000 0.032600 0.000000 82914263353975840.0000000000000000
0.000000 0.032700 0.000000 80803745595914976.0000000000000000
0.000000 0.032800 0.000000 79008986688748000.0000000000000000
0.000000 0.032900 0.000000 77388161472173520.0000000000000000
0.000000 0.033000 0.000000 75456714612928704.0000000000000000
0.000000 0.033100 0.000000 72890255568377616.0000000000000000
0.000000 0.033200 0.000000 69861666062682696.0000000000000000
0.000000 0.033300 0.000000 66890252436309472.0000000000000000
0.000000 0.033400 0.000000 64383688534567688.0000000000000000
0.000000 0.033500 0.000000 62329056215199872.0000000000000000
0.000000 0.033600 0.000000 60396169811513408.0000000000000000
0.000000 0.033700 0.000000 58298559612914248.0000000000000000
0.000000 0.033800 0.000000 56044014897399712.0000000000000000
0.000000 0.033900 0.000000 53869038392728040.0000000000000000
0.000000 0.034000 0.000000 51976253876003328.0000000000000000
0.000000 0.034100 0.000000 50349676187318800.0000000000000000
0.000000 0.034200 0.000000 48799223093003304.0000000000000000
0.000000 0.034300 0.000000 47155322743184152.0000000000000000
0.000000 0.034400 0.000000 45427502880164880.0000000000000000
0.000000 0.034500 0.000000 43814501664165512.0000000000000000
0.000000 0.034600 0.000000 42586557171478432.0000000000000000
0.000000 0.034700 0.000000 41926860527487144.0000000000000000
0.000000 0.034800 0.000000 41810869061229360.0000000000000000
0.000000 0.034900 0.000000 41981346600468168.0000000000000000
0.000000 0.035000 0.000000 42059073100587136.0000000000000000
0.000000 0.035100 0.000000 41768977921089248.0000000000000000
0.000000 0.035200 0.000000 41154824854648464.0000000000000000
0.000000 0.035300 0.000000 40601095865124200.0000000000000000
0.000000 0.035400 0.000000 40586719974029784.0000000000000000
0.000000 0.035500 0.000000 41322756894298792.0000000000000000
0.000000 0.035600 0.000000 42571810055758760.0000000000000000
0.000000 0.035700 0.000000 43832598044315456.0000000000000000
0.000000 0.035800 0.000000 44758162211497912.0000000000000000
0.000000 0.035900 0.000000 45444543061168008.0000000000000000
0.000000 0.036000 0.000000 46320906897013928.0000000000000000
0.000000 0.036100 0.000000 47732102197526008.0000000000000000
0.000000 0.036200 0.000000 49597144179195864.0000000000000000
0.000000 0.036300 0.000000 51463110259997768.0000000000000000
0.000000 0.036400 0.000000 52903523859810704.0000000000000000
0.000000 0.036500 0.000000 53886856587460408.0000000000000000
0.000000 0.036600 0.000000 54776407469086048.0000000000000000
0.000000 0.036700 0.000000 55978652141853976.0000000000000000
0.000000 0.036800 0.000000 57583232585428768.0000000000000000
0.000000 0.036900 0.000000 59322849166204280.0000000000000000
0.000000 0.037000 0.000000 60857477978801504.0000000000000000
0.000000 0.037100 0.000000 62084514895031568.0000000000000000
0.000000 0.037200 0.000000 63183586736853496.0000000000000000
0.000000 0.037300 0.000000 64388664769529120.0000000000000000
0.000000 0.037400 0.000000 65740643992200944.0000000000000000
0.000000 0.037500 0.000000 67060501838422536.0000000000000000
0.000000 0.037600 0.000000 68139375974121728.0000000000000000
0.000000 0.037700 0.000000 68933203638878808.0000000000000000
0.000000 0.037800 0.000000 69576774446016824.0000000000000000
0.000000 0.037900 0.000000 70236229397803632.0000000000000000
0.000000 0.038000 0.000000 70970785115846672.0000000000000000
0.000000 0.038100 0.000000 71728981831889576.0000000000000000
0.000000 0.038200 0.000000 72441565205141392.0000000000000000
0.000000 0.038300 0.000000 73084303913136496.0000000000000000
0.000000 0.038400 0.000000 73653745921863024.0000000000000000
0.000000 0.038500 0.000000 74122497566430736.0000000000000000
0.000000 0.038600 0.000000 74461613780913232.0000000000000000
0.000000 0.038700 0.000000 74714618546446016.0000000000000000
0.000000 0.038800 0.000000 75015246395099312.0000000000000000
0.000000 0.038900 0.000000 75485888623722864.0000000000000000
0.000000 0.039000 0.000000 76097853391535808.0000000000000000
0.000000 0.039100 0.000000 76649937738148560.0000000000000000
0.000000 0.039200 0.000000 76922518825074448.0000000000000000
0.000000 0.039300 0.000000 76878896348317136.0000000000000000
0.000000 0.039400 0.000000 76713571436340160.0000000000000000
0.000000 0.039500 0.000000 76682580417114112.0000000000000000
0.000000 0.039600 0.000000 76868472930418496.0000000000000000
0.000000 0.039700 0.000000 77108075856236528.0000000000000000
0.000000 0.039800 0.000000 77157298161764176.0000000000000000
0.000000 0.039900 0.000000 76932373164051104.0000000000000000
0.000000 0.040000 0.000000 76588577805204208.0000000000000000
0.000000 0.040100 0.000000 76357870668589168.0000000000000000
0.000000 0.040200 0.000000 76306187863408144.0000000000000000
0.000000 0.040300 0.000000 76249560768331696.0000000000000000
0.000000 0.040400 0.000000 75909782227120416.0000000000000000
0.000000 0.040500 0.000000 75157006436412576.0000000000000000
0.000000 0.040600 0.000000 74110033220281440.0000000000000000
0.000000 0.040700 0.000000 73012728355919376.0000000000000000
0.000000 0.040800 0.000000 72020565667377016.0000000000000000
0.000000 0.040900 0.000000 71101089317923048.0000000000000000
0.000000 0.041000 0.000000 70120644607716352.0000000000000000
0.000000 0.041100 0.000000 69003449912389888.0000000000000000
0.000000 0.041200 0.000000 67795554055347392.0000000000000000
0.000000 0.041300 0.000000 66584195152797528.0000000000000000
0.000000 0.041400 0.000000 65376910073406464.0000000000000000
0.000000 0.041500 0.000000 64076249985801344.0000000000000000
0.000000 0.041600 0.000000 62575583402193224.0000000000000000
0.000000 0.041700 0.000000 60874675820316040.0000000000000000
0.000000 0.041800 0.000000 59099951622283752.0000000000000000
0.000000 0.041900 0.000000 57415776663341416.0000000000000000
0.000000 0.042000 0.000000 55916269557397040.0000000000000000
0.000000 0.042100 0.000000 54590826193451296.0000000000000000
0.000000 0.042200 0.000000 53372435453058224.0000000000000000
0.000000 0.042300 0.000000 52203370888030520.0000000000000000
0.000000 0.042400 0.000000 51059024898095432.0000000000000000
0.000000 0.042500 0.000000 49932836306567384.0000000000000000
0.000000 0.042600 0.000000 48824544860213536.0000000000000000
0.000000 0.042700 0.000000 47751636668258176.0000000000000000
0.000000 0.042800 0.000000 46759045271418440.0000000000000000
0.000000 0.042900 0.000000 45896962148299744.0000000000000000
0.000000 0.043000 0.000000 45178680294325032.0000000000000000
0.000000 0.043100 0.000000 44565214530149504.0000000000000000
0.000000 0.043200 0.000000 44002165780553576.0000000000000000
0.000000 0.043300 0.000000 43475461803228312.0000000000000000
0.000000 0.043400 0.000000 43023989376867512.0000000000000000
0.000000 0.043500 0.000000 42687469573802152.0000000000000000
0.000000 0.043600 0.000000 42438606943401696.0000000000000000
0.000000 0.043700 0.000000 42172562617049792.0000000000000000
0.000000 0.043800 0.000000 41773650341873880.0000000000000000
0.000000 0.043900 0.000000 41201207938037792.0000000000000000
0.000000 0.044000 0.000000 40515019900555192.0000000000000000
0.000000 0.044100 0.000000 39818663347733400.0000000000000000
0.000000 0.044200 0.000000 39176886106018488.0000000000000000
0.000000 0.044300 0.000000 38581572630200616.0000000000000000
0.000000 0.044400 0.000000 37985141272427528.0000000000000000
0.000000 0.044500 0.000000 37352819965254408.0000000000000000
0.000000 0.044600 0.000000 36676572768004152.0000000000000000
0.000000 0.044700 0.000000 35946716213410256.0000000000000000
0.000000 0.044800 0.000000 35128704987657316.0000000000000000
0.000000 0.044900 0.000000 34184181231464052.0000000000000000
0.000000 0.045000 0.000000 33118754015843528.0000000000000000
0.000000 0.045100 0.000000 32000543236776364.0000000000000000
0.000000 0.045200 0.000000 30919263277559600.0000000000000000
0.000000 0.045300 0.000000 29919249893120456.0000000000000000
0.000000 0.045400 0.000000 28971485065957332.0000000000000000
0.000000 0.045500 0.000000 28012950013438236.0000000000000000
0.000000 0.045600 0.000000 27014098927356732.0000000000000000
0.000000 0.045700 0.000000 26008137007608996.0000000000000000
0.000000 0.045800 0.000000 25057200138380392.0000000000000000
0.000000 0.045900 0.000000 24195622534336996.0000000000000000
0.000000 0.046000 0.000000 23410405609821104.0000000000000000
0.000000 0.046100 0.000000 22674838534034892.0000000000000000
0.000000 0.046200 0.000000 21992886326782152.0000000000000000
0.000000 0.046300 0.000000 21402834481251072.0000000000000000
0.000000 0.046400 0.000000 20936947121313180.0000000000000000
0.000000 0.046500 0.000000 20584901614375644.0000000000000000
0.000000 0.046600 0.000000 20305595823059416.0000000000000000
0.000000 0.046700 0.000000 20077740474863784.0000000000000000
0.000000 0.046800 0.000000 19934177878423640.0000000000000000
0.000000 0.046900 0.000000 19939249313140900.0000000000000000
0.000000 0.047000 0.000000 20129104814784944.0000000000000000
0.000000 0.047100 0.000000 20476691090647604.0000000000000000
0.000000 0.047200 0.000000 20919415434900884.0000000000000000
0.000000 0.047300 0.000000 21420877508660800.0000000000000000
0.000000 0.047400 0.000000 21999281265646768.0000000000000000
0.000000 0.047500 0.000000 22689372135444684.0000000000000000
0.000000 0.047600 0.000000 23481808459426440.0000000000000000
0.000000 0.047700 0.000000 24324218657334204.0000000000000000
0.000000 0.047800 0.000000 25220823603121044.0000000000000000
0.000000 0.047900 0.000000 26364165591439548.0000000000000000
0.000000 0.048000 0.000000 28165102503389544.0000000000000000
0.000000 0.048100 0.000000 31087994718255420.0000000000000000
0.000000 0.048200 0.000000 35333407142344088.0000000000000000
0.000000 0.048300 0.000000 40546176092473320.0000000000000000
0.000000 0.048400 0.000000 45757276363943888.0000000000000000
0.000000 0.048500 0.000000 49656875030768464.0000000000000000
0.000000 0.048600 0.000000 51103815231709040.0000000000000000
0.000000 0.048700 0.000000 49622671484149192.0000000000000000
0.000000 0.048800 0.000000 45624269737294488.0000000000000000
0.000000 0.048900 0.000000 40226546869958888.0000000000000000
0.000000 0.049000 0.000000 34770016176480344.0000000000000000
0.000000 0.049100 0.000000 30285609853159164.0000000000000000
0.000000 0.049200 0.000000 27182749393084268.0000000000000000
0.000000 0.049300 0.000000 25279267911448048.0000000000000000
0.000000 0.049400 0.000000 24090383762358120.0000000000000000
0.000000 0.049500 0.000000 23164387258014896.0000000000000000
0.000000 0.049600 0.000000 22272923360302512.0000000000000000
0.000000 0.049700 0.000000 21399451271188092.0000000000000000
0.000000 0.049800 0.000000 20609625295658104.0000000000000000
0.000000 0.049900 0.000000 19934361364432824.0000000000000000
0.000000 0.050000 0.000000 19338916330574444.0000000000000000
0.000000 0.050100 0.000000 18760207398953720.0000000000000000
0.000000 0.050200 0.000000 18150811227759788.0000000000000000
0.000000 0.050300 0.000000 17492383017646890.0000000000000000
0.000000 0.050400 0.000000 16788487357512092.0000000000000000
0.000000 0.050500 0.000000 16062408333451796.0000000000000000
0.000000 0.050600 0.000000 15361789635964120.0000000000000000
0.000000 0.050700 0.000000 14748242652610754.0000000000000000
0.000000 0.050800 0.000000 14261682190206702.0000000000000000
0.000000 0.050900 0.000000 13884787066294482.0000000000000000
0.000000 0.051000 0.000000 13547597727478472.0000000000000000
0.000000 0.051100 0.000000 13180511588517698.0000000000000000
0.000000 0.051200 0.000000 12773507045306046.0000000000000000
0.000000 0.051300 0.000000 12384926586934822.0000000000000000
0.000000 0.051400 0.000000 12086551346116074.0000000000000000
0.000000 0.051500 0.000000 11894059071417450.0000000000000000
0.000000 0.051600 0.000000 11749955463467746.0000000000000000
0.000000 0.051700 0.000000 11577728316928596.0000000000000000
0.000000 0.051800 0.000000 11356519872764528.0000000000000000
0.000000 0.051900 0.000000 11144034316421544.0000000000000000
0.000000 0.052000 0.000000 11024584187406308.0000000000000000
0.000000 0.052100 0.000000 11031490090741984.0000000000000000
0.000000 0.052200 0.000000 11117394797718430.0000000000000000
0.000000 0.052300 0.000000 11199041832853090.0000000000000000
0.000000 0.052400 0.000000 11231874874311608.0000000000000000
0.000000 0.052500 0.000000 11244084522677360.0000000000000000
0.000000 0.052600 0.000000 11302204037416616.0000000000000000
0.000000 0.052700 0.000000 11446366510083594.0000000000000000
0.000000 0.052800 0.000000 11657959199852202.0000000000000000
0.000000 0.052900 0.000000 11885281063101648.0000000000000000
0.000000 0.053000 0.000000 12095080986351014.0000000000000000
0.000000 0.053100 0.000000 12297222059476610.0000000000000000
0.000000 0.053200 0.000000 12522384890705442.0000000000000000
0.000000 0.053300 0.000000 12781129883070646.0000000000000000
0.000000 0.053400 0.000000 13047618231668460.0000000000000000
0.000000 0.053500 0.000000 13281909427184614.0000000000000000
0.000000 0.053600 0.000000 13465163451311414.0000000000000000
0.000000 0.053700 0.000000 13612569993668616.0000000000000000
0.000000 0.053800 0.000000 13754907972459358.0000000000000000
0.000000 0.053900 0.000000 13910728504055096.0000000000000000
0.000000 0.054000 0.000000 14075908390122360.0000000000000000
0.000000 0.054100 0.000000 14235337241718786.0000000000000000
0.000000 0.054200 0.000000 14379327541732806.0000000000000000
0.000000 0.054300 0.000000 14507301284310954.0000000000000000
0.000000 0.054400 0.000000 14619077527687336.0000000000000000
0.000000 0.054500 0.000000 14707436634270900.0000000000000000
0.000000 0.054600 0.000000 14761028993006596.0000000000000000
0.000000 0.054700 0.000000 14772675777530938.0000000000000000
0.000000 0.054800 0.000000 14742485485769384.0000000000000000
0.000000 0.054900 0.000000 14673407511375744.0000000000000000
0.000000 0.055000 0.000000 14566993066823980.0000000000000000
0.000000 0.055100 0.000000 14426017736503246.0000000000000000
0.000000 0.055200 0.000000 14260096133035868.0000000000000000
0.000000 0.055300 0.000000 14084613796011520.0000000000000000
0.000000 0.055400 0.000000 13910628219001898.0000000000000000
0.000000 0.055500 0.000000 13735576303909678.0000000000000000
0.000000 0.055600 0.000000 13546280417398582.0000000000000000
0.000000 0.055700 0.000000 13333232570453264.0000000000000000
0.000000 0.055800 0.000000 13102017968132086.0000000000000000
0.000000 0.055900 0.000000 12869601755688708.0000000000000000
0.000000 0.056000 0.000000 12649131973197264.0000000000000000
0.000000 0.056100 0.000000 12439534398559682.0000000000000000
0.000000 0.056200 0.000000 12231062558848566.0000000000000000
0.000000 0.056300 0.000000 12020445820337660.0000000000000000
0.000000 0.056400 0.000000 11818934363698276.0000000000000000
0.000000 0.056500 0.000000 11645037147249108.0000000000000000
0.000000 0.056600 0.000000 11511221772571190.0000000000000000
0.000000 0.056700 0.000000 11419948818111390.0000000000000000
0.000000 0.056800 0.000000 11371942092927272.0000000000000000
0.000000 0.056900 0.000000 11373443880041478.0000000000000000
0.000000 0.057000 0.000000 11429488919956760.0000000000000000
0.000000 0.057100 0.000000 11528220797579072.0000000000000000
0.000000 0.057200 0.000000 11636238684294282.0000000000000000
0.000000 0.057300 0.000000 11717188895524584.0000000000000000
0.000000 0.057400 0.000000 11760632282336568.0000000000000000
0.000000 0.057500 0.000000 11792773548453872.0000000000000000
0.000000 0.057600 0.000000 11854687367290924.0000000000000000
0.000000 0.057700 0.000000 11965801669484920.0000000000000000
0.000000 0.057800 0.000000 12107439504254310.0000000000000000
0.000000 0.057900 0.000000 12243138747470204.0000000000000000
0.000000 0.058000 0.000000 12355634017938538.0000000000000000
0.000000 0.058100 0.000000 12462567305061968.0000000000000000
0.000000 0.058200 0.000000 12593995272136812.0000000000000000
0.000000 0.058300 0.000000 12754199939782736.0000000000000000
0.000000 0.058400 0.000000 12907495608990944.0000000000000000
0.000000 0.058500 0.000000 13004055975623780.0000000000000000
0.000000 0.058600 0.000000 13021044398144570.0000000000000000
0.000000 0.058700 0.000000 12978571977137572.0000000000000000
0.000000 0.058800 0.000000 12915662081982296.0000000000000000
0.000000 0.058900 0.000000 12851831929772604.0000000000000000
0.000000 0.059000 0.000000 12773211941021520.0000000000000000
0.000000 0.059100 0.000000 12655074825523584.0000000000000000
0.000000 0.059200 0.000000 12494310832747804.0000000000000000
0.000000 0.059300 0.000000 12316127057478920.0000000000000000
0.000000 0.059400 0.000000 12148070751502046.0000000000000000
0.000000 0.059500 0.000000 11989992077369220.0000000000000000
0.000000 0.059600 0.000000 11812850899007108.0000000000000000
0.000000 0.059700 0.000000 11588230216681978.0000000000000000
0.000000 0.059800 0.000000 11317624989337108.0000000000000000
0.000000 0.059900 0.000000 11031007751141012.0000000000000000
0.000000 0.060000 0.000000 10756931849720966.0000000000000000
0.000000 0.060100 0.000000 10496223719809518.0000000000000000
0.000000 0.060200 0.000000 10226577150758034.0000000000000000
0.000000 0.060300 0.000000 9931839303488820.0000000000000000
0.000000 0.060400 0.000000 9623756434910496.0000000000000000
0.000000 0.060500 0.000000 9332996517037540.0000000000000000
0.000000 0.060600 0.000000 9079940127050652.0000000000000000
0.000000 0.060700 0.000000 8857397180620866.0000000000000000
0.000000 0.060800 0.000000 8643912585409279.0000000000000000
0.000000 0.060900 0.000000 8432639316844336.0000000000000000
0.000000 0.061000 0.000000 8243452700989036.0000000000000000
0.000000 0.061100 0.000000 8103787830402470.0000000000000000
0.000000 0.061200 0.000000 8017586805376716.0000000000000000
0.000000 0.061300 0.000000 7955534242820478.0000000000000000
0.000000 0.061400 0.000000 7878603036043016.0000000000000000
0.000000 0.061500 0.000000 7772810145484183.0000000000000000
0.000000 0.061600 0.000000 7661296977781540.0000000000000000
0.000000 0.061700 0.000000 7582156771670378.0000000000000000
0.000000 0.061800 0.000000 7553631800938046.0000000000000000
0.000000 0.061900 0.000000 7559178605869911.0000000000000000
0.000000 0.062000 0.000000 7564180661810714.0000000000000000
0.000000 0.062100 0.000000 7546151113447098.0000000000000000
0.000000 0.062200 0.000000 7510425037264127.0000000000000000
0.000000 0.062300 0.000000 7480324017382197.0000000000000000
0.000000 0.062400 0.000000 7474783870032821.0000000000000000
0.000000 0.062500 0.000000 7494115897370878.0000000000000000
0.000000 0.062600 0.000000 7522419944289539.0000000000000000
0.000000 0.062700 0.000000 7539339758191085.0000000000000000
0.000000 0.062800 0.000000 7529959926473349.0000000000000000
0.000000 0.062900 0.000000 7488919332949869.0000000000000000
0.000000 0.063000 0.000000 7421065170318171.0000000000000000
0.000000 0.063100 0.000000 7339477427645385.0000000000000000
0.000000 0.063200 0.000000 7258505699935094.0000000000000000
0.000000 0.063300 0.000000 7183072954117798.0000000000000000
0.000000 0.063400 0.000000 7103324559183062.0000000000000000
0.000000 0.063500 0.000000 7003735479750224.0000000000000000
0.000000 0.063600 0.000000 6882687188762069.0000000000000000
0.000000 0.063700 0.000000 6764000009658191.0000000000000000
0.000000 0.063800 0.000000 6684224112767508.0000000000000000
0.000000 0.063900 0.000000 6661583474871127.0000000000000000
0.000000 0.064000 0.000000 6674173131204922.0000000000000000
0.000000 0.064100 0.000000 6671745505397692.0000000000000000
0.000000 0.064200 0.000000 6615646441592512.0000000000000000
0.000000 0.064300 0.000000 6512425940363450.0000000000000000
0.000000 0.064400 0.000000 6408800896955762.0000000000000000
0.000000 0.064500 0.000000 6350312950653469.0000000000000000
0.000000 0.064600 0.000000 6341003995243952.0000000000000000
0.000000 0.064700 0.000000 6341776011509443.0000000000000000
0.000000 0.064800 0.000000 6308925440048552.0000000000000000
0.000000 0.064900 0.000000 6236269624357461.0000000000000000
0.000000 0.065000 0.000000 6161490228456532.0000000000000000
0.000000 0.065100 0.000000 6132188643236266.0000000000000000
0.000000 0.065200 0.000000 6164933963202135.0000000000000000
0.000000 0.065300 0.000000 6234671788414016.0000000000000000
0.000000 0.065400 0.000000 6300333555597488.0000000000000000
0.000000 0.065500 0.000000 6338569281251118.0000000000000000
0.000000 0.065600 0.000000 6354407814177643.0000000000000000
0.000000 0.065700 0.000000 6364997358870511.0000000000000000
0.000000 0.065800 0.000000 6379290311985485.0000000000000000
0.000000 0.065900 0.000000 6395242078779513.0000000000000000
0.000000 0.066000 0.000000 6411735589706149.0000000000000000
0.000000 0.066100 0.000000 6434785135090125.0000000000000000
0.000000 0.066200 0.000000 6467032887243923.0000000000000000
0.000000 0.066300 0.000000 6494311745501203.0000000000000000
0.000000 0.066400 0.000000 6492508767787902.0000000000000000
0.000000 0.066500 0.000000 6457672136238918.0000000000000000
0.000000 0.066600 0.000000 6431893983127034.0000000000000000
0.000000 0.066700 0.000000 6491295725240981.0000000000000000
0.000000 0.066800 0.000000 6692625836485110.0000000000000000
0.000000 0.066900 0.000000 7016340549788322.0000000000000000
0.000000 0.067000 0.000000 7357028439521665.0000000000000000
0.000000 0.067100 0.000000 7581122068280956.0000000000000000
0.000000 0.067200 0.000000 7620732363750157.0000000000000000
0.000000 0.067300 0.000000 7542146364264803.0000000000000000
0.000000 0.067400 0.000000 7540261050292486.0000000000000000
0.000000 0.067500 0.000000 7853851853513135.0000000000000000
0.000000 0.067600 0.000000 8640331300726534.0000000000000000
0.000000 0.067700 0.000000 9869595679553520.0000000000000000
0.000000 0.067800 0.000000 11290496729717482.0000000000000000
0.000000 0.067900 0.000000 12496547864454330.0000000000000000
0.000000 0.068000 0.000000 13076390256498828.0000000000000000
0.000000 0.068100 0.000000 12789724131499106.0000000000000000
0.000000 0.068200 0.000000 11682642299090558.0000000000000000
0.000000 0.068300 0.000000 10073388327785796.0000000000000000
0.000000 0.068400 0.000000 8405445199293662.0000000000000000
0.000000 0.068500 0.000000 7045554540549274.0000000000000000
0.000000 0.068600 0.000000 6142560339310465.0000000000000000
0.000000 0.068700 0.000000 5623809417912176.0000000000000000
0.000000 0.068800 0.000000 5312271318008988.0000000000000000
0.000000 0.068900 0.000000 5068943576705230.0000000000000000
0.000000 0.069000 0.000000 4861486773666214.0000000000000000
0.000000 0.069100 0.000000 4730278278468506.0000000000000000
0.000000 0.069200 0.000000 4705658965946168.0000000000000000
0.000000 0.069300 0.000000 4757413644565314.0000000000000000
0.000000 0.069400 0.000000 4814163490349445.0000000000000000
0.000000 0.069500 0.000000 4822678247981059.0000000000000000
0.000000 0.069600 0.000000 4786794746855947.0000000000000000
0.000000 0.069700 0.000000 4753480306870175.0000000000000000
0.000000 0.069800 0.000000 4765864464822559.0000000000000000
0.000000 0.069900 0.000000 4829017419574771.0000000000000000
0.000000 0.070000 0.000000 4914777816545891.0000000000000000
0.000000 0.070100 0.000000 4992574107870067.0000000000000000
0.000000 0.070200 0.000000 5053504873828580.0000000000000000
0.000000 0.070300 0.000000 5109095612376702.0000000000000000
0.000000 0.070400 0.000000 5173786256345216.0000000000000000
0.000000 0.070500 0.000000 5252226801970952.0000000000000000
0.000000 0.070600 0.000000 5341068580703398.0000000000000000
0.000000 0.070700 0.000000 5437305911562695.0000000000000000
0.000000 0.070800 0.000000 5541110391569039.0000000000000000
0.000000 0.070900 0.000000 5651608956123132.0000000000000000
0.000000 0.071000 0.000000 5763828543943033.0000000000000000
0.000000 0.071100 0.000000 5872252476742084.0000000000000000
0.000000 0.071200 0.000000 5976190271770090.0000000000000000
0.000000 0.071300 0.000000 6078627334776482.0000000000000000
0.000000 0.071400 0.000000 6178513923689013.0000000000000000
0.000000 0.071500 0.000000 6266238093739776.0000000000000000
0.000000 0.071600 0.000000 6330214529981012.0000000000000000
0.000000 0.071700 0.000000 6369680236037672.0000000000000000
0.000000 0.071800 0.000000 6399522393702890.0000000000000000
0.000000 0.071900 0.000000 6439243886691242.0000000000000000
0.000000 0.072000 0.000000 6494721672382723.0000000000000000
0.000000 0.072100 0.000000 6550447047731737.0000000000000000
0.000000 0.072200 0.000000 6580691932361300.0000000000000000
0.000000 0.072300 0.000000 6569368862304338.0000000000000000
0.000000 0.072400 0.000000 6519791107368391.0000000000000000
0.000000 0.072500 0.000000 6446229777699908.0000000000000000
0.000000 0.072600 0.000000 6357718751317955.0000000000000000
0.000000 0.072700 0.000000 6251315790691955.0000000000000000
0.000000 0.072800 0.000000 6120376085777423.0000000000000000
0.000000 0.072900 0.000000 5966721150998916.0000000000000000
0.000000 0.073000 0.000000 5802248044276278.0000000000000000
0.000000 0.073100 0.000000 5638542869821519.0000000000000000
0.000000 0.073200 0.000000 5477104218931013.0000000000000000
0.000000 0.073300 0.000000 5311700982340044.0000000000000000
0.000000 0.073400 0.000000 5139606715037233.0000000000000000
0.000000 0.073500 0.000000 4967392195744170.0000000000000000
0.000000 0.073600 0.000000 4803075817413444.0000000000000000
0.000000 0.073700 0.000000 4643320003251479.0000000000000000
0.000000 0.073800 0.000000 4472309132975726.5000000000000000
0.000000 0.073900 0.000000 4277298866175268.0000000000000000
0.000000 0.074000 0.000000 4066192392699829.0000000000000000
0.000000 0.074100 0.000000 3867096050716644.0000000000000000
0.000000 0.074200 0.000000 3706769006188117.0000000000000000
0.000000 0.074300 0.000000 3587695928595962.0000000000000000
0.000000 0.074400 0.000000 3487433017415462.0000000000000000
0.000000 0.074500 0.000000 3382743015644152.5000000000000000
0.000000 0.074600 0.000000 3275439816588264.5000000000000000
0.000000 0.074700 0.000000 3193651152818108.5000000000000000
0.000000 0.074800 0.000000 3166055056603531.5000000000000000
0.000000 0.074900 0.000000 3194011040393896.0000000000000000
0.000000 0.075000 0.000000 3249302774899137.0000000000000000
0.000000 0.075100 0.000000 3300013165186075.0000000000000000
0.000000 0.075200 0.000000 3339158958404470.0000000000000000
0.000000 0.075300 0.000000 3388325921463983.0000000000000000
0.000000 0.075400 0.000000 3473797608338733.0000000000000000
0.000000 0.075500 0.000000 3599629267226969.0000000000000000
0.000000 0.075600 0.000000 3743749545426783.0000000000000000
0.000000 0.075700 0.000000 3878964195950291.0000000000000000
0.000000 0.075800 0.000000 3996344241222370.5000000000000000
0.000000 0.075900 0.000000 4108420143084832.5000000000000000
0.000000 0.076000 0.000000 4232118276757990.0000000000000000
0.000000 0.076100 0.000000 4371616307836526.5000000000000000
0.000000 0.076200 0.000000 4518471453224245.0000000000000000
0.000000 0.076300 0.000000 4665431079768936.0000000000000000
0.000000 0.076400 0.000000 4815337325669722.0000000000000000
0.000000 0.076500 0.000000 4973802380522325.0000000000000000
0.000000 0.076600 0.000000 5134800243715877.0000000000000000
0.000000 0.076700 0.000000 5278133646835614.0000000000000000
0.000000 0.076800 0.000000 5385051271849137.0000000000000000
0.000000 0.076900 0.000000 5456798194463873.0000000000000000
0.000000 0.077000 0.000000 5515021636505675.0000000000000000
0.000000 0.077100 0.000000 5580793293349133.0000000000000000
0.000000 0.077200 0.000000 5652431071598429.0000000000000000
0.000000 0.077300 0.000000 5705742837100325.0000000000000000
0.000000 0.077400 0.000000 5718433602779416.0000000000000000
0.000000 0.077500 0.000000 5694947240002389.0000000000000000
0.000000 0.077600 0.000000 5665750316533113.0000000000000000
0.000000 0.077700 0.000000 5659671772699743.0000000000000000
0.000000 0.077800 0.000000 5675228467305743.0000000000000000
0.000000 0.077900 0.000000 5679151102174850.0000000000000000
0.000000 0.078000 0.000000 5634640876807543.0000000000000000
0.000000 0.078100 0.000000 5533375370183244.0000000000000000
0.000000 0.078200 0.000000 5401920525251671.0000000000000000
0.000000 0.078300 0.000000 5277880013797784.0000000000000000
0.000000 0.078400 0.000000 5179239426220429.0000000000000000
0.000000 0.078500 0.000000 5094883166507220.0000000000000000
0.000000 0.078600 0.000000 5002225048133629.0000000000000000
0.000000 0.078700 0.000000 4892125974262781.0000000000000000
0.000000 0.078800 0.000000 4776644609908157.0000000000000000
0.000000 0.078900 0.000000 4674284856697160.0000000000000000
0.000000 0.079000 0.000000 4589735063801397.0000000000000000
0.000000 0.079100 0.000000 4508796938951002.0000000000000000
0.000000 0.079200 0.000000 4412480751933633.5000000000000000
0.000000 0.079300 0.000000 4295263441647188.0000000000000000
0.000000 0.079400 0.000000 4169813638881327.5000000000000000
0.000000 0.079500 0.000000 4054965674465773.0000000000000000
0.000000 0.079600 0.000000 3959643074228057.5000000000000000
0.000000 0.079700 0.000000 3877546523726430.0000000000000000
0.000000 0.079800 0.000000 3795575566891156.5000000000000000
0.000000 0.079900 0.000000 3706212352019326.0000000000000000
0.000000 0.080000 0.000000 3612369177132917.5000000000000000
0.000000 0.080100 0.000000 3522120747846259.0000000000000000
0.000000 0.080200 0.000000 3440131576499346.0000000000000000
0.000000 0.080300 0.000000 3363900208087193.0000000000000000
0.000000 0.080400 0.000000 3286914739879381.0000000000000000
0.000000 0.080500 0.000000 3204621722834183.5000000000000000
0.000000 0.080600 0.000000 3118030015597204.5000000000000000
0.000000 0.080700 0.000000 3032897877450922.5000000000000000
0.000000 0.080800 0.000000 2955708672332716.0000000000000000
0.000000 0.080900 0.000000 2888892973666292.5000000000000000
0.000000 0.081000 0.000000 2827838827642993.0000000000000000
0.000000 0.081100 0.000000 2761992458762446.0000000000000000
0.000000 0.081200 0.000000 2680801620572656.0000000000000000
0.000000 0.081300 0.000000 2581685881611379.0000000000000000
0.000000 0.081400 0.000000 2474026943838273.5000000000000000
0.000000 0.081500 0.000000 2374504344082338.0000000000000000
0.000000 0.081600 0.000000 2295757018781481.5000000000000000
0.000000 0.081700 0.000000 2237061918120352.0000000000000000
0.000000 0.081800 0.000000 2185376230724181.5000000000000000
0.000000 0.081900 0.000000 2126497591628868.5000000000000000
0.000000 0.082000 0.000000 2056663795245263.7500000000000000
0.000000 0.082100 0.000000 1984077146224503.5000000000000000
0.000000 0.082200 0.000000 1919219596969266.7500000000000000
0.000000 0.082300 0.000000 1863656694302478.7500000000000000
0.000000 0.082400 0.000000 1808486127342735.5000000000000000
0.000000 0.082500 0.000000 1743946272625344.7500000000000000
0.000000 0.082600 0.000000 1670532497699594.5000000000000000
0.000000 0.082700 0.000000 1600546457564143.2500000000000000
0.000000 0.082800 0.000000 1548653583652125.2500000000000000
0.000000 0.082900 0.000000 1520729390875965.7500000000000000
0.000000 0.083000 0.000000 1511178691332278.2500000000000000
0.000000 0.083100 0.000000 1509659417216447.0000000000000000
0.000000 0.083200 0.000000 1508971761250522.2500000000000000
0.000000 0.083300 0.000000 1506385004492271.7500000000000000
0.000000 0.083400 0.000000 1499485561447694.0000000000000000
0.000000 0.083500 0.000000 1484195669639008.7500000000000000
0.000000 0.083600 0.000000 1459225181688640.2500000000000000
0.000000 0.083700 0.000000 1431891699904343.7500000000000000
0.000000 0.083800 0.000000 1416389494946706.2500000000000000
0.000000 0.083900 0.000000 1422937482169312.0000000000000000
0.000000 0.084000 0.000000 1447517140828512.7500000000000000
0.000000 0.084100 0.000000 1474032579372560.2500000000000000
0.000000 0.084200 0.000000 1489387676250317.2500000000000000
0.000000 0.084300 0.000000 1497758988873263.5000000000000000
0.000000 0.084400 0.000000 1518670010421632.7500000000000000
0.000000 0.084500 0.000000 1568111682696882.5000000000000000
0.000000 0.084600 0.000000 1639558459633219.7500000000000000
0.000000 0.084700 0.000000 1704248305938299.2500000000000000
0.000000 0.084800 0.000000 1733260531299138.0000000000000000
0.000000 0.084900 0.000000 1722824653119808.0000000000000000
0.000000 0.085000 0.000000 1699453323782844.2500000000000000
0.000000 0.085100 0.000000 1698683189437153.0000000000000000
0.000000 0.085200 0.000000 1735092109109209.7500000000000000
0.000000 0.085300 0.000000 1789629661757462.5000000000000000
0.000000 0.085400 0.000000 1825223409969736.2500000000000000
0.000000 0.085500 0.000000 1816957102950688.5000000000000000
0.000000 0.085600 0.000000 1771211433210015.0000000000000000
0.000000 0.085700 0.000000 1718957509804308.0000000000000000
0.000000 0.085800 0.000000 1690961981364101.5000000000000000
0.000000 0.085900 0.000000 1696482150242837.2500000000000000
0.000000 0.086000 0.000000 1721242715390135.0000000000000000
0.000000 0.086100 0.000000 1742600398754732.5000000000000000
0.000000 0.086200 0.000000 1746801412677592.5000000000000000
0.000000 0.086300 0.000000 1735202694768444.5000000000000000
0.000000 0.086400 0.000000 1718578199995813.0000000000000000
0.000000 0.086500 0.000000 1708430992952682.2500000000000000
0.000000 0.086600 0.000000 1713681057174262.5000000000000000
0.000000 0.086700 0.000000 1743244761852987.2500000000000000
0.000000 0.086800 0.000000 1808726580309099.7500000000000000
0.000000 0.086900 0.000000 1921997746021257.0000000000000000
0.000000 0.087000 0.000000 2087669254392028.7500000000000000
0.000000 0.087100 0.000000 2294804716865108.0000000000000000
0.000000 0.087200 0.000000 2512778377475690.0000000000000000
0.000000 0.087300 0.000000 2694269486134056.0000000000000000
0.000000 0.087400 0.000000 2786160074357414.5000000000000000
0.000000 0.087500 0.000000 2746637634858352.5000000000000000
0.000000 0.087600 0.000000 2563228939283301.0000000000000000
0.000000 0.087700 0.000000 2263169937686302.0000000000000000
0.000000 0.087800 0.000000 1908278247730390.2500000000000000
0.000000 0.087900 0.000000 1573583360719467.2500000000000000
0.000000 0.088000 0.000000 1319068966998283.5000000000000000
0.000000 0.088100 0.000000 1169442776554782.5000000000000000
0.000000 0.088200 0.000000 1112536723257855.0000000000000000
0.000000 0.088300 0.000000 1115115370351376.0000000000000000
0.000000 0.088400 0.000000 1144296520025017.7500000000000000
0.000000 0.088500 0.000000 1181276042610726.7500000000000000
0.000000 0.088600 0.000000 1221836967772646.7500000000000000
0.000000 0.088700 0.000000 1268133320220217.0000000000000000
0.000000 0.088800 0.000000 1320662329442764.2500000000000000
0.000000 0.088900 0.000000 1376130421306631.0000000000000000
0.000000 0.089000 0.000000 1430459693102475.2500000000000000
0.000000 0.089100 0.000000 1482364320151632.7500000000000000
0.000000 0.089200 0.000000 1533956057199985.5000000000000000
0.000000 0.089300 0.000000 1588380064818668.5000000000000000
0.000000 0.089400 0.000000 1646906728801962.7500000000000000
0.000000 0.089500 0.000000 1707699318953761.0000000000000000
0.000000 0.089600 0.000000 1766740138299025.2500000000000000
0.000000 0.089700 0.000000 1819920936744501.7500000000000000
0.000000 0.089800 0.000000 1864871702058703.2500000000000000
0.000000 0.089900 0.000000 1901495933455393.2500000000000000
0.000000 0.090000 0.000000 1931022585991574.2500000000000000
0.000000 0.090100 0.000000 1954385128745025.2500000000000000
0.000000 0.090200 0.000000 1971325286243560.7500000000000000
0.000000 0.090300 0.000000 1981077185535474.2500000000000000
0.000000 0.090400 0.000000 1983909228692281.0000000000000000
0.000000 0.090500 0.000000 1981591390917283.2500000000000000
0.000000 0.090600 0.000000 1975590042586430.0000000000000000
0.000000 0.090700 0.000000 1964260321901889.0000000000000000
0.000000 0.090800 0.000000 1942108168895913.0000000000000000
0.000000 0.090900 0.000000 1902970515324271.5000000000000000
0.000000 0.091000 0.000000 1845235582606458.7500000000000000
0.000000 0.091100 0.000000 1774536192781711.5000000000000000
0.000000 0.091200 0.000000 1700884964068332.0000000000000000
0.000000 0.091300 0.000000 1632154381318506.7500000000000000
0.000000 0.091400 0.000000 1569496806332523.5000000000000000
0.000000 0.091500 0.000000 1508769828499991.0000000000000000
0.000000 0.091600 0.000000 1446338990350471.0000000000000000
0.000000 0.091700 0.000000 1383306763076581.0000000000000000
0.000000 0.091800 0.000000 1323822337915609.7500000000000000
0.000000 0.091900 0.000000 1269327190578115.0000000000000000
0.000000 0.092000 0.000000 1215129969470179.5000000000000000
0.000000 0.092100 0.000000 1153688145939814.5000000000000000
0.000000 0.092200 0.000000 1082129297122314.5000000000000000
0.000000 0.092300 0.000000 1006774719365146.5000000000000000
0.000000 0.092400 0.000000 939824533279981.1250000000000000
0.000000 0.092500 0.000000 890798881390354.8750000000000000
0.000000 0.092600 0.000000 860404290520334.3750000000000000
0.000000 0.092700 0.000000 842059494588686.1250000000000000
0.000000 0.092800 0.000000 828838427555694.3750000000000000
0.000000 0.092900 0.000000 818676751251226.1250000000000000
0.000000 0.093000 0.000000 813225567031676.5000000000000000
0.000000 0.093100 0.000000 812815142044396.2500000000000000
0.000000 0.093200 0.000000 814010273877590.1250000000000000
0.000000 0.093300 0.000000 812961180271301.2500000000000000
0.000000 0.093400 0.000000 810833211136308.7500000000000000
0.000000 0.093500 0.000000 814703499389474.0000000000000000
0.000000 0.093600 0.000000 831870835352300.6250000000000000
0.000000 0.093700 0.000000 862861685759861.2500000000000000
0.000000 0.093800 0.000000 900540892826784.8750000000000000
0.000000 0.093900 0.000000 936891090893374.0000000000000000
0.000000 0.094000 0.000000 970941862733181.0000000000000000
0.000000 0.094100 0.000000 1009531871032477.3750000000000000
0.000000 0.094200 0.000000 1059458379820570.3750000000000000
0.000000 0.094300 0.000000 1118504472810649.8750000000000000
0.000000 0.094400 0.000000 1174686700561411.2500000000000000
0.000000 0.094500 0.000000 1215485088941661.2500000000000000
0.000000 0.094600 0.000000 1238940379360795.7500000000000000
0.000000 0.094700 0.000000 1256073009119880.0000000000000000
0.000000 0.094800 0.000000 1281780279911294.0000000000000000
0.000000 0.094900 0.000000 1322044322528108.2500000000000000
0.000000 0.095000 0.000000 1368820956168880.2500000000000000
0.000000 0.095100 0.000000 1407056841756853.2500000000000000
0.000000 0.095200 0.000000 1427439131832815.2500000000000000
0.000000 0.095300 0.000000 1433710565696289.5000000000000000
0.000000 0.095400 0.000000 1438698401023840.0000000000000000
0.000000 0.095500 0.000000 1453266013060444.0000000000000000
0.000000 0.095600 0.000000 1477995572703140.0000000000000000
0.000000 0.095700 0.000000 1504096908475002.0000000000000000
0.000000 0.095800 0.000000 1521631641847384.0000000000000000
0.000000 0.095900 0.000000 1527428610502598.2500000000000000
0.000000 0.096000 0.000000 1526466111786244.2500000000000000
0.000000 0.096100 0.000000 1526717101032573.7500000000000000
0.000000 0.096200 0.000000 1532558885717053.7500000000000000
0.000000 0.096300 0.000000 1541963485102219.5000000000000000
0.000000 0.096400 0.000000 1548810132564396.5000000000000000
0.000000 0.096500 0.000000 1547717169592754.5000000000000000
0.000000 0.096600 0.000000 1537684224139624.2500000000000000
0.000000 0.096700 0.000000 1522479044686451.7500000000000000
0.000000 0.096800 0.000000 1508118743011231.0000000000000000
0.000000 0.096900 0.000000 1499316022674670.0000000000000000
0.000000 0.097000 0.000000 1496991469286055.5000000000000000
0.000000 0.097100 0.000000 1498210861153933.5000000000000000
0.000000 0.097200 0.000000 1498538187516737.2500000000000000
0.000000 0.097300 0.000000 1495281286667919.2500000000000000
0.000000 0.097400 0.000000 1489356286167670.7500000000000000
0.000000 0.097500 0.000000 1484342719326897.5000000000000000
0.000000 0.097600 0.000000 1483447904661859.7500000000000000
0.000000 0.097700 0.000000 1486890099170144.5000000000000000
0.000000 0.097800 0.000000 1491946089957611.5000000000000000
0.000000 0.097900 0.000000 1495609518585129.0000000000000000
0.000000 0.098000 0.000000 1497469518340380.0000000000000000
0.000000 0.098100 0.000000 1500230045974851.2500000000000000
0.000000 0.098200 0.000000 1507457410703450.0000000000000000
0.000000 0.098300 0.000000 1520622519545905.5000000000000000
0.000000 0.098400 0.000000 1537987202679406.0000000000000000
0.000000 0.098500 0.000000 1556053308911138.0000000000000000
0.000000 0.098600 0.000000 1572037087790828.0000000000000000
0.000000 0.098700 0.000000 1585256102027913.0000000000000000
0.000000 0.098800 0.000000 1596682735427233.0000000000000000
0.000000 0.098900 0.000000 1607609387771041.7500000000000000
0.000000 0.099000 0.000000 1618749664493352.0000000000000000
0.000000 0.099100 0.000000 1630157586266299.0000000000000000
0.000000 0.099200 0.000000 1641421345619366.7500000000000000
0.000000 0.099300 0.000000 1651680089581978.0000000000000000
0.000000 0.099400 0.000000 1659708144029397.5000000000000000
0.000000 0.099500 0.000000 1664482698859062.7500000000000000
0.000000 0.099600 0.000000 1665969257095199.7500000000000000
0.000000 0.099700 0.000000 1665243399105136.5000000000000000
0.000000 0.099800 0.000000 1663513750087924.2500000000000000
0.000000 0.099900 0.000000 1660830937025814.5000000000000000
0.000000 0.100000 0.000000 1655856083375954.5000000000000000
