   0.0000000e+00   0.0000000e+00   0.0000000e+00
   7.9577472e-10   1.0000000e-04   0.0000000e+00
   3.1830989e-09   2.0000000e-04   0.0000000e+00
   7.1619724e-09   3.0000000e-04   0.0000000e+00
   1.2732395e-08   4.0000000e-04   0.0000000e+00
   1.9894368e-08   5.0000000e-04   0.0000000e+00
   2.8647890e-08   6.0000000e-04   0.0000000e+00
   3.8992961e-08   7.0000000e-04   0.0000000e+00
   5.0929582e-08   8.0000000e-04   0.0000000e+00
   6.4457752e-08   9.0000000e-04   0.0000000e+00
   7.9577471e-08   1.0000000e-03   0.0000000e+00
   9.6288740e-08   1.1000000e-03   0.0000000e+00
   1.1459156e-07   1.2000000e-03   0.0000000e+00
   1.3448593e-07   1.3000000e-03   0.0000000e+00
   1.5597184e-07   1.4000000e-03   0.0000000e+00
   1.7904931e-07   1.5000000e-03   0.0000000e+00
   2.0371833e-07   1.6000000e-03   0.0000000e+00
   2.2997889e-07   1.7000000e-03   0.0000000e+00
   2.5783101e-07   1.8000000e-03   0.0000000e+00
   2.8727467e-07   1.9000000e-03   0.0000000e+00
   3.1830988e-07   2.0000000e-03   0.0000000e+00
   3.5093665e-07   2.1000000e-03   0.0000000e+00
   3.8515496e-07   2.2000000e-03   0.0000000e+00
   4.2096482e-07   2.3000000e-03   0.0000000e+00
   4.5836623e-07   2.4000000e-03   0.0000000e+00
   4.9735919e-07   2.5000000e-03   0.0000000e+00
   5.3794370e-07   2.5999999e-03   0.0000000e+00
   5.8011976e-07   2.6999999e-03   0.0000000e+00
   6.2388737e-07   2.7999999e-03   0.0000000e+00
   6.6924653e-07   2.8999999e-03   0.0000000e+00
   7.1619724e-07   2.9999999e-03   0.0000000e+00
   7.6473949e-07   3.0999999e-03   0.0000000e+00
   8.1487330e-07   3.1999999e-03   0.0000000e+00
   8.6659866e-07   3.2999999e-03   0.0000000e+00
   9.1991556e-07   3.3999999e-03   0.0000000e+00
   9.7482401e-07   3.4999999e-03   0.0000000e+00
   1.0313240e-06   3.5999999e-03   0.0000000e+00
   1.0894156e-06   3.6999998e-03   0.0000000e+00
   1.1490987e-06   3.7999998e-03   0.0000000e+00
   1.2103733e-06   3.8999998e-03   0.0000000e+00
   1.2732395e-06   3.9999998e-03   0.0000000e+00
   1.3376973e-06   4.0999998e-03   0.0000000e+00
   1.4037466e-06   4.1999998e-03   0.0000000e+00
   1.4713874e-06   4.2999997e-03   0.0000000e+00
   1.5406198e-06   4.3999997e-03   0.0000000e+00
   1.6114438e-06   4.4999997e-03   0.0000000e+00
   1.6838593e-06   4.5999997e-03   0.0000000e+00
   1.7578663e-06   4.6999997e-03   0.0000000e+00
   1.8334649e-06   4.7999996e-03   0.0000000e+00
   1.9106550e-06   4.8999996e-03   0.0000000e+00
   1.9894367e-06   4.9999996e-03   0.0000000e+00
   2.0698100e-06   5.0999996e-03   0.0000000e+00
   2.1517748e-06   5.1999996e-03   0.0000000e+00
   2.2353311e-06   5.2999995e-03   0.0000000e+00
   2.3204790e-06   5.3999995e-03   0.0000000e+00
   2.4072184e-06   5.4999995e-03   0.0000000e+00
   2.4955494e-06   5.5999994e-03   0.0000000e+00
   2.5854720e-06   5.6999994e-03   0.0000000e+00
   2.6769860e-06   5.7999994e-03   0.0000000e+00
   2.7700917e-06   5.8999993e-03   0.0000000e+00
   2.8647889e-06   5.9999993e-03   0.0000000e+00
   2.9610776e-06   6.0999993e-03   0.0000000e+00
   3.0589579e-06   6.1999992e-03   0.0000000e+00
   3.1584297e-06   6.2999992e-03   0.0000000e+00
   3.2594931e-06   6.3999992e-03   0.0000000e+00
   3.3621480e-06   6.4999991e-03   0.0000000e+00
   3.4663945e-06   6.5999991e-03   0.0000000e+00
   3.5722325e-06   6.6999990e-03   0.0000000e+00
   3.6796621e-06   6.7999990e-03   0.0000000e+00
   3.7886832e-06   6.8999990e-03   0.0000000e+00
   3.8992959e-06   6.9999989e-03   0.0000000e+00
   4.0115001e-06   7.0999989e-03   0.0000000e+00
   4.1252959e-06   7.1999988e-03   0.0000000e+00
   4.2406832e-06   7.2999988e-03   0.0000000e+00
   4.3576621e-06   7.3999987e-03   0.0000000e+00
   4.4762325e-06   7.4999987e-03   0.0000000e+00
   4.5963945e-06   7.5999986e-03   0.0000000e+00
   4.7181480e-06   7.6999986e-03   0.0000000e+00
   4.8414931e-06   7.7999985e-03   0.0000000e+00
   4.9664297e-06   7.8999984e-03   0.0000000e+00
   5.0929578e-06   7.9999984e-03   0.0000000e+00
   5.2210775e-06   8.0999983e-03   0.0000000e+00
   5.3507888e-06   8.1999983e-03   0.0000000e+00
   5.4820916e-06   8.2999982e-03   0.0000000e+00
   5.6149860e-06   8.3999981e-03   0.0000000e+00
   5.7494719e-06   8.4999981e-03   0.0000000e+00
   5.8855493e-06   8.5999980e-03   0.0000000e+00
   6.0232183e-06   8.6999979e-03   0.0000000e+00
   6.1624789e-06   8.7999978e-03   0.0000000e+00
   6.3033310e-06   8.8999978e-03   0.0000000e+00
   6.4457746e-06   8.9999977e-03   0.0000000e+00
   6.5898098e-06   9.0999976e-03   0.0000000e+00
   6.7354366e-06   9.1999975e-03   0.0000000e+00
   6.8826549e-06   9.2999975e-03   0.0000000e+00
   7.0314647e-06   9.3999974e-03   0.0000000e+00
   7.1818661e-06   9.4999973e-03   0.0000000e+00
   7.3338591e-06   9.5999972e-03   0.0000000e+00
   7.4874436e-06   9.6999971e-03   0.0000000e+00
   7.6426196e-06   9.7999970e-03   0.0000000e+00
   7.7993872e-06   9.8999969e-03   0.0000000e+00
   7.9577463e-06   9.9999968e-03   0.0000000e+00
   8.1176970e-06   1.0099997e-02   0.0000000e+00
   8.2792392e-06   1.0199997e-02   0.0000000e+00
   8.4423730e-06   1.0299997e-02   0.0000000e+00
   8.6070983e-06   1.0399996e-02   0.0000000e+00
   8.7734152e-06   1.0499996e-02   0.0000000e+00
   8.9413236e-06   1.0599996e-02   0.0000000e+00
   9.1108236e-06   1.0699996e-02   0.0000000e+00
   9.2819151e-06   1.0799996e-02   0.0000000e+00
   9.4545982e-06   1.0899996e-02   0.0000000e+00
   9.6288728e-06   1.0999996e-02   0.0000000e+00
   9.8047390e-06   1.1099996e-02   0.0000000e+00
   9.9821967e-06   1.1199996e-02   0.0000000e+00
   1.0161246e-05   1.1299995e-02   0.0000000e+00
   1.0341887e-05   1.1399995e-02   0.0000000e+00
   1.0524119e-05   1.1499995e-02   0.0000000e+00
   1.0707943e-05   1.1599995e-02   0.0000000e+00
   1.0893359e-05   1.1699995e-02   0.0000000e+00
   1.1080366e-05   1.1799995e-02   0.0000000e+00
   1.1268964e-05   1.1899995e-02   0.0000000e+00
   1.1459154e-05   1.1999995e-02   0.0000000e+00
   1.1650936e-05   1.2099994e-02   0.0000000e+00
   1.1844309e-05   1.2199994e-02   0.0000000e+00
   1.2039274e-05   1.2299994e-02   0.0000000e+00
   1.2235830e-05   1.2399994e-02   0.0000000e+00
   1.2433978e-05   1.2499994e-02   0.0000000e+00
   1.2633717e-05   1.2599994e-02   0.0000000e+00
   1.2835048e-05   1.2699994e-02   0.0000000e+00
   1.3037971e-05   1.2799993e-02   0.0000000e+00
   1.3242485e-05   1.2899993e-02   0.0000000e+00
   1.3448590e-05   1.2999993e-02   0.0000000e+00
   1.3656287e-05   1.3099993e-02   0.0000000e+00
   1.3865576e-05   1.3199993e-02   0.0000000e+00
   1.4076456e-05   1.3299993e-02   0.0000000e+00
   1.4288928e-05   1.3399992e-02   0.0000000e+00
   1.4502991e-05   1.3499992e-02   0.0000000e+00
   1.4718646e-05   1.3599992e-02   0.0000000e+00
   1.4935893e-05   1.3699992e-02   0.0000000e+00
   1.5154731e-05   1.3799992e-02   0.0000000e+00
   1.5375160e-05   1.3899991e-02   0.0000000e+00
   1.5597181e-05   1.3999991e-02   0.0000000e+00
   1.5820794e-05   1.4099991e-02   0.0000000e+00
   1.6045998e-05   1.4199991e-02   0.0000000e+00
   1.6272794e-05   1.4299991e-02   0.0000000e+00
   1.6501181e-05   1.4399991e-02   0.0000000e+00
   1.6731160e-05   1.4499990e-02   0.0000000e+00
   1.6962730e-05   1.4599990e-02   0.0000000e+00
   1.7195892e-05   1.4699990e-02   0.0000000e+00
   1.7430645e-05   1.4799990e-02   0.0000000e+00
   1.7666990e-05   1.4899990e-02   0.0000000e+00
   1.7904927e-05   1.4999989e-02   0.0000000e+00
   1.8144455e-05   1.5099989e-02   0.0000000e+00
   1.8385575e-05   1.5199989e-02   0.0000000e+00
   1.8628286e-05   1.5299989e-02   0.0000000e+00
   1.8872588e-05   1.5399988e-02   0.0000000e+00
   1.9118483e-05   1.5499988e-02   0.0000000e+00
   1.9365969e-05   1.5599988e-02   0.0000000e+00
   1.9615046e-05   1.5699988e-02   0.0000000e+00
   1.9865715e-05   1.5799988e-02   0.0000000e+00
   2.0117975e-05   1.5899987e-02   0.0000000e+00
   2.0371827e-05   1.5999987e-02   0.0000000e+00
   2.0627271e-05   1.6099987e-02   0.0000000e+00
   2.0884306e-05   1.6199987e-02   0.0000000e+00
   2.1142932e-05   1.6299986e-02   0.0000000e+00
   2.1403151e-05   1.6399986e-02   0.0000000e+00
   2.1664960e-05   1.6499986e-02   0.0000000e+00
   2.1928362e-05   1.6599986e-02   0.0000000e+00
   2.2193355e-05   1.6699985e-02   0.0000000e+00
   2.2459939e-05   1.6799985e-02   0.0000000e+00
   2.2728115e-05   1.6899985e-02   0.0000000e+00
   2.2997882e-05   1.6999984e-02   0.0000000e+00
   2.3269241e-05   1.7099984e-02   0.0000000e+00
   2.3542192e-05   1.7199984e-02   0.0000000e+00
   2.3816734e-05   1.7299984e-02   0.0000000e+00
   2.4092868e-05   1.7399983e-02   0.0000000e+00
   2.4370593e-05   1.7499983e-02   0.0000000e+00
   2.4649910e-05   1.7599983e-02   0.0000000e+00
   2.4930818e-05   1.7699982e-02   0.0000000e+00
   2.5213318e-05   1.7799982e-02   0.0000000e+00
   2.5497409e-05   1.7899982e-02   0.0000000e+00
   2.5783092e-05   1.7999982e-02   0.0000000e+00
   2.6070366e-05   1.8099981e-02   0.0000000e+00
   2.6359232e-05   1.8199981e-02   0.0000000e+00
   2.6649690e-05   1.8299981e-02   0.0000000e+00
   2.6941739e-05   1.8399980e-02   0.0000000e+00
   2.7235380e-05   1.8499980e-02   0.0000000e+00
   2.7530612e-05   1.8599980e-02   0.0000000e+00
   2.7827436e-05   1.8699979e-02   0.0000000e+00
   2.8125851e-05   1.8799979e-02   0.0000000e+00
   2.8425858e-05   1.8899979e-02   0.0000000e+00
   2.8727456e-05   1.8999978e-02   0.0000000e+00
   2.9030646e-05   1.9099978e-02   0.0000000e+00
   2.9335428e-05   1.9199978e-02   0.0000000e+00
   2.9641801e-05   1.9299977e-02   0.0000000e+00
   2.9949765e-05   1.9399977e-02   0.0000000e+00
   3.0259321e-05   1.9499977e-02   0.0000000e+00
   3.0570469e-05   1.9599976e-02   0.0000000e+00
   3.0883208e-05   1.9699976e-02   0.0000000e+00
   3.1197539e-05   1.9799975e-02   0.0000000e+00
   3.1513461e-05   1.9899975e-02   0.0000000e+00
   3.1830975e-05   1.9999975e-02   0.0000000e+00
   3.2150081e-05   2.0099974e-02   0.0000000e+00
   3.2470778e-05   2.0199974e-02   0.0000000e+00
   3.2793066e-05   2.0299974e-02   0.0000000e+00
   3.3116946e-05   2.0399973e-02   0.0000000e+00
   3.3442418e-05   2.0499973e-02   0.0000000e+00
   3.3769481e-05   2.0599972e-02   0.0000000e+00
   3.4098135e-05   2.0699972e-02   0.0000000e+00
   3.4428382e-05   2.0799972e-02   0.0000000e+00
   3.4760219e-05   2.0899971e-02   0.0000000e+00
   3.5093649e-05   2.0999971e-02   0.0000000e+00
   3.5428669e-05   2.1099970e-02   0.0000000e+00
   3.5765282e-05   2.1199970e-02   0.0000000e+00
   3.6103486e-05   2.1299969e-02   0.0000000e+00
   3.6443281e-05   2.1399969e-02   0.0000000e+00
   3.6784668e-05   2.1499969e-02   0.0000000e+00
   3.7127647e-05   2.1599968e-02   0.0000000e+00
   3.7472217e-05   2.1699968e-02   0.0000000e+00
   3.7818379e-05   2.1799967e-02   0.0000000e+00
   3.8166132e-05   2.1899967e-02   0.0000000e+00
   3.8515477e-05   2.1999966e-02   0.0000000e+00
   3.8866413e-05   2.2099966e-02   0.0000000e+00
   3.9218941e-05   2.2199965e-02   0.0000000e+00
   3.9573060e-05   2.2299965e-02   0.0000000e+00
   3.9928771e-05   2.2399964e-02   0.0000000e+00
   4.0286073e-05   2.2499964e-02   0.0000000e+00
   4.0644967e-05   2.2599963e-02   0.0000000e+00
   4.1005453e-05   2.2699963e-02   0.0000000e+00
   4.1367530e-05   2.2799962e-02   0.0000000e+00
   4.1731199e-05   2.2899962e-02   0.0000000e+00
   4.2096459e-05   2.2999961e-02   0.0000000e+00
   4.2463311e-05   2.3099961e-02   0.0000000e+00
   4.2831754e-05   2.3199960e-02   0.0000000e+00
   4.3201789e-05   2.3299960e-02   0.0000000e+00
   4.3573415e-05   2.3399959e-02   0.0000000e+00
   4.3946633e-05   2.3499959e-02   0.0000000e+00
   4.4321442e-05   2.3599958e-02   0.0000000e+00
   4.4697843e-05   2.3699958e-02   0.0000000e+00
   4.5075836e-05   2.3799957e-02   0.0000000e+00
   4.5455420e-05   2.3899957e-02   0.0000000e+00
   4.5836596e-05   2.3999956e-02   0.0000000e+00
   4.6219363e-05   2.4099956e-02   0.0000000e+00
   4.6603722e-05   2.4199955e-02   0.0000000e+00
   4.6989672e-05   2.4299955e-02   0.0000000e+00
   4.7377214e-05   2.4399954e-02   0.0000000e+00
   4.7766347e-05   2.4499953e-02   0.0000000e+00
   4.8157072e-05   2.4599953e-02   0.0000000e+00
   4.8549388e-05   2.4699952e-02   0.0000000e+00
   4.8943296e-05   2.4799952e-02   0.0000000e+00
   4.9338796e-05   2.4899951e-02   0.0000000e+00
   4.9735887e-05   2.4999951e-02   0.0000000e+00
   5.0134570e-05   2.5099950e-02   0.0000000e+00
   5.0534844e-05   2.5199949e-02   0.0000000e+00
   5.0936709e-05   2.5299949e-02   0.0000000e+00
   5.1340167e-05   2.5399948e-02   0.0000000e+00
   5.1745215e-05   2.5499947e-02   0.0000000e+00
   5.2151856e-05   2.5599947e-02   0.0000000e+00
   5.2560088e-05   2.5699946e-02   0.0000000e+00
   5.2969911e-05   2.5799946e-02   0.0000000e+00
   5.3381326e-05   2.5899945e-02   0.0000000e+00
   5.3794332e-05   2.5999944e-02   0.0000000e+00
   5.4208930e-05   2.6099944e-02   0.0000000e+00
   5.4625120e-05   2.6199943e-02   0.0000000e+00
   5.5042901e-05   2.6299942e-02   0.0000000e+00
   5.5462274e-05   2.6399942e-02   0.0000000e+00
   5.5883238e-05   2.6499941e-02   0.0000000e+00
   5.6305794e-05   2.6599940e-02   0.0000000e+00
   5.6729941e-05   2.6699940e-02   0.0000000e+00
   5.7155680e-05   2.6799939e-02   0.0000000e+00
   5.7583010e-05   2.6899938e-02   0.0000000e+00
   5.8011932e-05   2.6999938e-02   0.0000000e+00
   5.8442446e-05   2.7099937e-02   0.0000000e+00
   5.8874551e-05   2.7199936e-02   0.0000000e+00
   5.9308247e-05   2.7299936e-02   0.0000000e+00
   5.9743535e-05   2.7399935e-02   0.0000000e+00
   6.0180415e-05   2.7499934e-02   0.0000000e+00
   6.0618886e-05   2.7599933e-02   0.0000000e+00
   6.1058949e-05   2.7699933e-02   0.0000000e+00
   6.1500603e-05   2.7799932e-02   0.0000000e+00
   6.1943849e-05   2.7899931e-02   0.0000000e+00
   6.2388686e-05   2.7999930e-02   0.0000000e+00
   6.2835115e-05   2.8099930e-02   0.0000000e+00
   6.3283135e-05   2.8199929e-02   0.0000000e+00
   6.3732747e-05   2.8299928e-02   0.0000000e+00
   6.4183951e-05   2.8399927e-02   0.0000000e+00
   6.4636746e-05   2.8499927e-02   0.0000000e+00
   6.5091132e-05   2.8599926e-02   0.0000000e+00
   6.5547111e-05   2.8699925e-02   0.0000000e+00
   6.6004680e-05   2.8799924e-02   0.0000000e+00
   6.6463841e-05   2.8899924e-02   0.0000000e+00
   6.6924594e-05   2.8999923e-02   0.0000000e+00
   6.7386938e-05   2.9099922e-02   0.0000000e+00
   6.7850874e-05   2.9199921e-02   0.0000000e+00
   6.8316402e-05   2.9299920e-02   0.0000000e+00
   6.8783521e-05   2.9399920e-02   0.0000000e+00
   6.9252231e-05   2.9499919e-02   0.0000000e+00
   6.9722533e-05   2.9599918e-02   0.0000000e+00
   7.0194427e-05   2.9699917e-02   0.0000000e+00
   7.0667912e-05   2.9799916e-02   0.0000000e+00
   7.1142988e-05   2.9899915e-02   0.0000000e+00
   7.1619656e-05   2.9999915e-02   0.0000000e+00
   7.2097916e-05   3.0099914e-02   0.0000000e+00
   7.2577767e-05   3.0199913e-02   0.0000000e+00
   7.3059210e-05   3.0299912e-02   0.0000000e+00
   7.3542244e-05   3.0399911e-02   0.0000000e+00
   7.4026870e-05   3.0499910e-02   0.0000000e+00
   7.4513088e-05   3.0599909e-02   0.0000000e+00
   7.5000897e-05   3.0699908e-02   0.0000000e+00
   7.5490297e-05   3.0799907e-02   0.0000000e+00
   7.5981289e-05   3.0899907e-02   0.0000000e+00
   7.6473873e-05   3.0999906e-02   0.0000000e+00
   7.6968048e-05   3.1099905e-02   0.0000000e+00
   7.7463814e-05   3.1199904e-02   0.0000000e+00
   7.7961172e-05   3.1299903e-02   0.0000000e+00
   7.8460122e-05   3.1399902e-02   0.0000000e+00
   7.8960663e-05   3.1499901e-02   0.0000000e+00
   7.9462796e-05   3.1599900e-02   0.0000000e+00
   7.9966521e-05   3.1699899e-02   0.0000000e+00
   8.0471836e-05   3.1799898e-02   0.0000000e+00
   8.0978744e-05   3.1899897e-02   0.0000000e+00
   8.1487243e-05   3.1999896e-02   0.0000000e+00
   8.1997333e-05   3.2099895e-02   0.0000000e+00
   8.2509015e-05   3.2199894e-02   0.0000000e+00
   8.3022289e-05   3.2299893e-02   0.0000000e+00
   8.3537154e-05   3.2399892e-02   0.0000000e+00
   8.4053611e-05   3.2499891e-02   0.0000000e+00
   8.4571659e-05   3.2599890e-02   0.0000000e+00
   8.5091299e-05   3.2699889e-02   0.0000000e+00
   8.5612530e-05   3.2799888e-02   0.0000000e+00
   8.6135353e-05   3.2899887e-02   0.0000000e+00
   8.6659767e-05   3.2999886e-02   0.0000000e+00
   8.7185773e-05   3.3099885e-02   0.0000000e+00
   8.7713370e-05   3.3199884e-02   0.0000000e+00
   8.8242559e-05   3.3299883e-02   0.0000000e+00
   8.8773340e-05   3.3399882e-02   0.0000000e+00
   8.9305712e-05   3.3499881e-02   0.0000000e+00
   8.9839675e-05   3.3599880e-02   0.0000000e+00
   9.0375230e-05   3.3699879e-02   0.0000000e+00
   9.0912377e-05   3.3799878e-02   0.0000000e+00
   9.1451115e-05   3.3899877e-02   0.0000000e+00
   9.1991445e-05   3.3999876e-02   0.0000000e+00
   9.2533366e-05   3.4099874e-02   0.0000000e+00
   9.3076879e-05   3.4199873e-02   0.0000000e+00
   9.3621983e-05   3.4299872e-02   0.0000000e+00
   9.4168679e-05   3.4399871e-02   0.0000000e+00
   9.4716967e-05   3.4499870e-02   0.0000000e+00
   9.5266845e-05   3.4599869e-02   0.0000000e+00
   9.5818316e-05   3.4699868e-02   0.0000000e+00
   9.6371378e-05   3.4799867e-02   0.0000000e+00
   9.6926032e-05   3.4899865e-02   0.0000000e+00
   9.7482277e-05   3.4999864e-02   0.0000000e+00
   9.8040113e-05   3.5099863e-02   0.0000000e+00
   9.8599541e-05   3.5199862e-02   0.0000000e+00
   9.9160561e-05   3.5299861e-02   0.0000000e+00
   9.9723172e-05   3.5399860e-02   0.0000000e+00
   1.0028738e-04   3.5499858e-02   0.0000000e+00
   1.0085317e-04   3.5599857e-02   0.0000000e+00
   1.0142056e-04   3.5699856e-02   0.0000000e+00
   1.0198953e-04   3.5799855e-02   0.0000000e+00
   1.0256010e-04   3.5899854e-02   0.0000000e+00
   1.0313226e-04   3.5999852e-02   0.0000000e+00
   1.0370601e-04   3.6099851e-02   0.0000000e+00
   1.0428136e-04   3.6199850e-02   0.0000000e+00
   1.0485829e-04   3.6299849e-02   0.0000000e+00
   1.0543682e-04   3.6399847e-02   0.0000000e+00
   1.0601694e-04   3.6499846e-02   0.0000000e+00
   1.0659865e-04   3.6599845e-02   0.0000000e+00
   1.0718195e-04   3.6699843e-02   0.0000000e+00
   1.0776684e-04   3.6799842e-02   0.0000000e+00
   1.0835333e-04   3.6899841e-02   0.0000000e+00
   1.0894140e-04   3.6999840e-02   0.0000000e+00
   1.0953107e-04   3.7099838e-02   0.0000000e+00
   1.1012233e-04   3.7199837e-02   0.0000000e+00
   1.1071518e-04   3.7299836e-02   0.0000000e+00
   1.1130962e-04   3.7399834e-02   0.0000000e+00
   1.1190565e-04   3.7499833e-02   0.0000000e+00
   1.1250328e-04   3.7599832e-02   0.0000000e+00
   1.1310249e-04   3.7699830e-02   0.0000000e+00
   1.1370330e-04   3.7799829e-02   0.0000000e+00
   1.1430570e-04   3.7899828e-02   0.0000000e+00
   1.1490969e-04   3.7999826e-02   0.0000000e+00
   1.1551528e-04   3.8099825e-02   0.0000000e+00
   1.1612245e-04   3.8199824e-02   0.0000000e+00
   1.1673122e-04   3.8299822e-02   0.0000000e+00
   1.1734157e-04   3.8399821e-02   0.0000000e+00
   1.1795352e-04   3.8499819e-02   0.0000000e+00
   1.1856706e-04   3.8599818e-02   0.0000000e+00
   1.1918219e-04   3.8699816e-02   0.0000000e+00
   1.1979892e-04   3.8799815e-02   0.0000000e+00
   1.2041723e-04   3.8899814e-02   0.0000000e+00
   1.2103714e-04   3.8999812e-02   0.0000000e+00
   1.2165864e-04   3.9099811e-02   0.0000000e+00
   1.2228173e-04   3.9199809e-02   0.0000000e+00
   1.2290641e-04   3.9299808e-02   0.0000000e+00
   1.2353268e-04   3.9399806e-02   0.0000000e+00
   1.2416055e-04   3.9499805e-02   0.0000000e+00
   1.2479000e-04   3.9599803e-02   0.0000000e+00
   1.2542105e-04   3.9699802e-02   0.0000000e+00
   1.2605369e-04   3.9799800e-02   0.0000000e+00
   1.2668792e-04   3.9899799e-02   0.0000000e+00
   1.2732374e-04   3.9999797e-02   0.0000000e+00
   1.2796115e-04   4.0099796e-02   0.0000000e+00
   1.2860016e-04   4.0199794e-02   0.0000000e+00
   1.2924075e-04   4.0299793e-02   0.0000000e+00
   1.2988294e-04   4.0399791e-02   0.0000000e+00
   1.3052672e-04   4.0499790e-02   0.0000000e+00
   1.3117209e-04   4.0599788e-02   0.0000000e+00
   1.3181906e-04   4.0699787e-02   0.0000000e+00
   1.3246761e-04   4.0799785e-02   0.0000000e+00
   1.3311776e-04   4.0899783e-02   0.0000000e+00
   1.3376949e-04   4.0999782e-02   0.0000000e+00
   1.3442282e-04   4.1099780e-02   0.0000000e+00
   1.3507774e-04   4.1199779e-02   0.0000000e+00
   1.3573425e-04   4.1299777e-02   0.0000000e+00
   1.3639236e-04   4.1399775e-02   0.0000000e+00
   1.3705205e-04   4.1499774e-02   0.0000000e+00
   1.3771334e-04   4.1599772e-02   0.0000000e+00
   1.3837622e-04   4.1699770e-02   0.0000000e+00
   1.3904068e-04   4.1799769e-02   0.0000000e+00
   1.3970675e-04   4.1899767e-02   0.0000000e+00
   1.4037440e-04   4.1999765e-02   0.0000000e+00
   1.4104364e-04   4.2099764e-02   0.0000000e+00
   1.4171448e-04   4.2199762e-02   0.0000000e+00
   1.4238691e-04   4.2299760e-02   0.0000000e+00
   1.4306092e-04   4.2399759e-02   0.0000000e+00
   1.4373653e-04   4.2499757e-02   0.0000000e+00
   1.4441374e-04   4.2599755e-02   0.0000000e+00
   1.4509253e-04   4.2699753e-02   0.0000000e+00
   1.4577291e-04   4.2799752e-02   0.0000000e+00
   1.4645489e-04   4.2899750e-02   0.0000000e+00
   1.4713846e-04   4.2999748e-02   0.0000000e+00
   1.4782362e-04   4.3099746e-02   0.0000000e+00
   1.4851037e-04   4.3199745e-02   0.0000000e+00
   1.4919871e-04   4.3299743e-02   0.0000000e+00
   1.4988864e-04   4.3399741e-02   0.0000000e+00
   1.5058017e-04   4.3499739e-02   0.0000000e+00
   1.5127329e-04   4.3599738e-02   0.0000000e+00
   1.5196800e-04   4.3699736e-02   0.0000000e+00
   1.5266430e-04   4.3799734e-02   0.0000000e+00
   1.5336219e-04   4.3899732e-02   0.0000000e+00
   1.5406167e-04   4.3999730e-02   0.0000000e+00
   1.5476274e-04   4.4099728e-02   0.0000000e+00
   1.5546541e-04   4.4199727e-02   0.0000000e+00
   1.5616967e-04   4.4299725e-02   0.0000000e+00
   1.5687552e-04   4.4399723e-02   0.0000000e+00
   1.5758296e-04   4.4499721e-02   0.0000000e+00
   1.5829199e-04   4.4599719e-02   0.0000000e+00
   1.5900261e-04   4.4699717e-02   0.0000000e+00
   1.5971483e-04   4.4799715e-02   0.0000000e+00
   1.6042864e-04   4.4899713e-02   0.0000000e+00
   1.6114404e-04   4.4999711e-02   0.0000000e+00
   1.6186103e-04   4.5099710e-02   0.0000000e+00
   1.6257961e-04   4.5199708e-02   0.0000000e+00
   1.6329978e-04   4.5299706e-02   0.0000000e+00
   1.6402154e-04   4.5399704e-02   0.0000000e+00
   1.6474490e-04   4.5499702e-02   0.0000000e+00
   1.6546985e-04   4.5599700e-02   0.0000000e+00
   1.6619639e-04   4.5699698e-02   0.0000000e+00
   1.6692452e-04   4.5799696e-02   0.0000000e+00
   1.6765424e-04   4.5899694e-02   0.0000000e+00
   1.6838555e-04   4.5999692e-02   0.0000000e+00
   1.6911846e-04   4.6099690e-02   0.0000000e+00
   1.6985296e-04   4.6199688e-02   0.0000000e+00
   1.7058904e-04   4.6299686e-02   0.0000000e+00
   1.7132672e-04   4.6399684e-02   0.0000000e+00
   1.7206600e-04   4.6499682e-02   0.0000000e+00
   1.7280686e-04   4.6599680e-02   0.0000000e+00
   1.7354931e-04   4.6699678e-02   0.0000000e+00
   1.7429336e-04   4.6799675e-02   0.0000000e+00
   1.7503900e-04   4.6899673e-02   0.0000000e+00
   1.7578622e-04   4.6999671e-02   0.0000000e+00
   1.7653505e-04   4.7099669e-02   0.0000000e+00
   1.7728546e-04   4.7199667e-02   0.0000000e+00
   1.7803746e-04   4.7299665e-02   0.0000000e+00
   1.7879106e-04   4.7399663e-02   0.0000000e+00
   1.7954624e-04   4.7499661e-02   0.0000000e+00
   1.8030302e-04   4.7599659e-02   0.0000000e+00
   1.8106139e-04   4.7699656e-02   0.0000000e+00
   1.8182135e-04   4.7799654e-02   0.0000000e+00
   1.8258290e-04   4.7899652e-02   0.0000000e+00
   1.8334605e-04   4.7999650e-02   0.0000000e+00
   1.8411078e-04   4.8099648e-02   0.0000000e+00
   1.8487711e-04   4.8199645e-02   0.0000000e+00
   1.8564503e-04   4.8299643e-02   0.0000000e+00
   1.8641454e-04   4.8399641e-02   0.0000000e+00
   1.8718564e-04   4.8499639e-02   0.0000000e+00
   1.8795834e-04   4.8599637e-02   0.0000000e+00
   1.8873262e-04   4.8699634e-02   0.0000000e+00
   1.8950850e-04   4.8799632e-02   0.0000000e+00
   1.9028597e-04   4.8899630e-02   0.0000000e+00
   1.9106503e-04   4.8999627e-02   0.0000000e+00
   1.9184568e-04   4.9099625e-02   0.0000000e+00
   1.9262792e-04   4.9199623e-02   0.0000000e+00
   1.9341175e-04   4.9299621e-02   0.0000000e+00
   1.9419718e-04   4.9399618e-02   0.0000000e+00
   1.9498420e-04   4.9499616e-02   0.0000000e+00
   1.9577280e-04   4.9599614e-02   0.0000000e+00
   1.9656300e-04   4.9699611e-02   0.0000000e+00
   1.9735480e-04   4.9799609e-02   0.0000000e+00
   1.9814818e-04   4.9899607e-02   0.0000000e+00
   1.9894315e-04   4.9999604e-02   0.0000000e+00
   1.9973972e-04   5.0099602e-02   0.0000000e+00
   2.0053788e-04   5.0199599e-02   0.0000000e+00
   2.0133763e-04   5.0299597e-02   0.0000000e+00
   2.0213897e-04   5.0399595e-02   0.0000000e+00
   2.0294190e-04   5.0499592e-02   0.0000000e+00
   2.0374642e-04   5.0599590e-02   0.0000000e+00
   2.0455254e-04   5.0699587e-02   0.0000000e+00
   2.0536025e-04   5.0799585e-02   0.0000000e+00
   2.0616955e-04   5.0899582e-02   0.0000000e+00
   2.0698044e-04   5.0999580e-02   0.0000000e+00
   2.0779292e-04   5.1099578e-02   0.0000000e+00
   2.0860699e-04   5.1199575e-02   0.0000000e+00
   2.0942265e-04   5.1299573e-02   0.0000000e+00
   2.1023991e-04   5.1399570e-02   0.0000000e+00
   2.1105876e-04   5.1499568e-02   0.0000000e+00
   2.1187920e-04   5.1599565e-02   0.0000000e+00
   2.1270123e-04   5.1699562e-02   0.0000000e+00
   2.1352485e-04   5.1799560e-02   0.0000000e+00
   2.1435006e-04   5.1899557e-02   0.0000000e+00
   2.1517687e-04   5.1999555e-02   0.0000000e+00
   2.1600527e-04   5.2099552e-02   0.0000000e+00
   2.1683525e-04   5.2199550e-02   0.0000000e+00
   2.1766683e-04   5.2299547e-02   0.0000000e+00
   2.1850001e-04   5.2399544e-02   0.0000000e+00
   2.1933477e-04   5.2499542e-02   0.0000000e+00
   2.2017112e-04   5.2599539e-02   0.0000000e+00
   2.2100907e-04   5.2699537e-02   0.0000000e+00
   2.2184861e-04   5.2799534e-02   0.0000000e+00
   2.2268973e-04   5.2899531e-02   0.0000000e+00
   2.2353245e-04   5.2999529e-02   0.0000000e+00
   2.2437677e-04   5.3099526e-02   0.0000000e+00
   2.2522267e-04   5.3199523e-02   0.0000000e+00
   2.2607017e-04   5.3299521e-02   0.0000000e+00
   2.2691925e-04   5.3399518e-02   0.0000000e+00
   2.2776993e-04   5.3499515e-02   0.0000000e+00
   2.2862220e-04   5.3599512e-02   0.0000000e+00
   2.2947606e-04   5.3699510e-02   0.0000000e+00
   2.3033151e-04   5.3799507e-02   0.0000000e+00
   2.3118856e-04   5.3899504e-02   0.0000000e+00
   2.3204719e-04   5.3999501e-02   0.0000000e+00
   2.3290742e-04   5.4099499e-02   0.0000000e+00
   2.3376924e-04   5.4199496e-02   0.0000000e+00
   2.3463265e-04   5.4299493e-02   0.0000000e+00
   2.3549765e-04   5.4399490e-02   0.0000000e+00
   2.3636424e-04   5.4499487e-02   0.0000000e+00
   2.3723243e-04   5.4599485e-02   0.0000000e+00
   2.3810220e-04   5.4699482e-02   0.0000000e+00
   2.3897357e-04   5.4799479e-02   0.0000000e+00
   2.3984653e-04   5.4899476e-02   0.0000000e+00
   2.4072108e-04   5.4999473e-02   0.0000000e+00
   2.4159723e-04   5.5099470e-02   0.0000000e+00
   2.4247496e-04   5.5199467e-02   0.0000000e+00
   2.4335428e-04   5.5299465e-02   0.0000000e+00
   2.4423520e-04   5.5399462e-02   0.0000000e+00
   2.4511771e-04   5.5499459e-02   0.0000000e+00
   2.4600181e-04   5.5599456e-02   0.0000000e+00
   2.4688750e-04   5.5699453e-02   0.0000000e+00
   2.4777478e-04   5.5799450e-02   0.0000000e+00
   2.4866366e-04   5.5899447e-02   0.0000000e+00
   2.4955412e-04   5.5999444e-02   0.0000000e+00
   2.5044618e-04   5.6099441e-02   0.0000000e+00
   2.5133983e-04   5.6199438e-02   0.0000000e+00
   2.5223507e-04   5.6299435e-02   0.0000000e+00
   2.5313190e-04   5.6399432e-02   0.0000000e+00
   2.5403033e-04   5.6499429e-02   0.0000000e+00
   2.5493034e-04   5.6599426e-02   0.0000000e+00
   2.5583195e-04   5.6699423e-02   0.0000000e+00
   2.5673515e-04   5.6799420e-02   0.0000000e+00
   2.5763994e-04   5.6899417e-02   0.0000000e+00
   2.5854632e-04   5.6999414e-02   0.0000000e+00
   2.5945429e-04   5.7099411e-02   0.0000000e+00
   2.6036386e-04   5.7199407e-02   0.0000000e+00
   2.6127501e-04   5.7299404e-02   0.0000000e+00
   2.6218776e-04   5.7399401e-02   0.0000000e+00
   2.6310210e-04   5.7499398e-02   0.0000000e+00
   2.6401803e-04   5.7599395e-02   0.0000000e+00
   2.6493555e-04   5.7699392e-02   0.0000000e+00
   2.6585466e-04   5.7799389e-02   0.0000000e+00
   2.6677537e-04   5.7899385e-02   0.0000000e+00
   2.6769766e-04   5.7999382e-02   0.0000000e+00
   2.6862155e-04   5.8099379e-02   0.0000000e+00
   2.6954703e-04   5.8199376e-02   0.0000000e+00
   2.7047410e-04   5.8299373e-02   0.0000000e+00
   2.7140276e-04   5.8399369e-02   0.0000000e+00
   2.7233302e-04   5.8499366e-02   0.0000000e+00
   2.7326486e-04   5.8599363e-02   0.0000000e+00
   2.7419830e-04   5.8699360e-02   0.0000000e+00
   2.7513333e-04   5.8799356e-02   0.0000000e+00
   2.7606995e-04   5.8899353e-02   0.0000000e+00
   2.7700816e-04   5.8999350e-02   0.0000000e+00
   2.7794796e-04   5.9099346e-02   0.0000000e+00
   2.7888936e-04   5.9199343e-02   0.0000000e+00
   2.7983234e-04   5.9299340e-02   0.0000000e+00
   2.8077692e-04   5.9399336e-02   0.0000000e+00
   2.8172309e-04   5.9499333e-02   0.0000000e+00
   2.8267085e-04   5.9599330e-02   0.0000000e+00
   2.8362020e-04   5.9699326e-02   0.0000000e+00
   2.8457115e-04   5.9799323e-02   0.0000000e+00
   2.8552368e-04   5.9899319e-02   0.0000000e+00
   2.8647781e-04   5.9999316e-02   0.0000000e+00
   2.8743353e-04   6.0099313e-02   0.0000000e+00
   2.8839084e-04   6.0199309e-02   0.0000000e+00
   2.8934974e-04   6.0299306e-02   0.0000000e+00
   2.9031023e-04   6.0399302e-02   0.0000000e+00
   2.9127231e-04   6.0499299e-02   0.0000000e+00
   2.9223599e-04   6.0599295e-02   0.0000000e+00
   2.9320126e-04   6.0699292e-02   0.0000000e+00
   2.9416812e-04   6.0799288e-02   0.0000000e+00
   2.9513657e-04   6.0899285e-02   0.0000000e+00
   2.9610661e-04   6.0999281e-02   0.0000000e+00
   2.9707824e-04   6.1099278e-02   0.0000000e+00
   2.9805147e-04   6.1199274e-02   0.0000000e+00
   2.9902628e-04   6.1299271e-02   0.0000000e+00
   3.0000269e-04   6.1399267e-02   0.0000000e+00
   3.0098069e-04   6.1499263e-02   0.0000000e+00
   3.0196028e-04   6.1599260e-02   0.0000000e+00
   3.0294146e-04   6.1699256e-02   0.0000000e+00
   3.0392424e-04   6.1799253e-02   0.0000000e+00
   3.0490860e-04   6.1899249e-02   0.0000000e+00
   3.0589456e-04   6.1999245e-02   0.0000000e+00
   3.0688211e-04   6.2099242e-02   0.0000000e+00
   3.0787125e-04   6.2199238e-02   0.0000000e+00
   3.0886198e-04   6.2299234e-02   0.0000000e+00
   3.0985430e-04   6.2399231e-02   0.0000000e+00
   3.1084822e-04   6.2499227e-02   0.0000000e+00
   3.1184372e-04   6.2599223e-02   0.0000000e+00
   3.1284082e-04   6.2699220e-02   0.0000000e+00
   3.1383951e-04   6.2799216e-02   0.0000000e+00
   3.1483979e-04   6.2899212e-02   0.0000000e+00
   3.1584166e-04   6.2999208e-02   0.0000000e+00
   3.1684512e-04   6.3099205e-02   0.0000000e+00
   3.1785018e-04   6.3199201e-02   0.0000000e+00
   3.1885683e-04   6.3299197e-02   0.0000000e+00
   3.1986506e-04   6.3399193e-02   0.0000000e+00
   3.2087489e-04   6.3499189e-02   0.0000000e+00
   3.2188632e-04   6.3599185e-02   0.0000000e+00
   3.2289933e-04   6.3699182e-02   0.0000000e+00
   3.2391393e-04   6.3799178e-02   0.0000000e+00
   3.2493013e-04   6.3899174e-02   0.0000000e+00
   3.2594791e-04   6.3999170e-02   0.0000000e+00
   3.2696729e-04   6.4099166e-02   0.0000000e+00
   3.2798826e-04   6.4199162e-02   0.0000000e+00
   3.2901082e-04   6.4299158e-02   0.0000000e+00
   3.3003498e-04   6.4399154e-02   0.0000000e+00
   3.3106072e-04   6.4499150e-02   0.0000000e+00
   3.3208806e-04   6.4599146e-02   0.0000000e+00
   3.3311699e-04   6.4699142e-02   0.0000000e+00
   3.3414751e-04   6.4799138e-02   0.0000000e+00
   3.3517962e-04   6.4899134e-02   0.0000000e+00
   3.3621332e-04   6.4999130e-02   0.0000000e+00
   3.3724861e-04   6.5099126e-02   0.0000000e+00
   3.3828550e-04   6.5199122e-02   0.0000000e+00
   3.3932397e-04   6.5299118e-02   0.0000000e+00
   3.4036404e-04   6.5399114e-02   0.0000000e+00
   3.4140570e-04   6.5499110e-02   0.0000000e+00
   3.4244895e-04   6.5599106e-02   0.0000000e+00
   3.4349380e-04   6.5699102e-02   0.0000000e+00
   3.4454023e-04   6.5799098e-02   0.0000000e+00
   3.4558826e-04   6.5899094e-02   0.0000000e+00
   3.4663787e-04   6.5999090e-02   0.0000000e+00
   3.4768908e-04   6.6099086e-02   0.0000000e+00
   3.4874188e-04   6.6199081e-02   0.0000000e+00
   3.4979627e-04   6.6299077e-02   0.0000000e+00
   3.5085226e-04   6.6399073e-02   0.0000000e+00
   3.5190983e-04   6.6499069e-02   0.0000000e+00
   3.5296900e-04   6.6599065e-02   0.0000000e+00
   3.5402976e-04   6.6699060e-02   0.0000000e+00
   3.5509210e-04   6.6799056e-02   0.0000000e+00
   3.5615605e-04   6.6899052e-02   0.0000000e+00
   3.5722158e-04   6.6999048e-02   0.0000000e+00
   3.5828870e-04   6.7099043e-02   0.0000000e+00
   3.5935742e-04   6.7199039e-02   0.0000000e+00
   3.6042772e-04   6.7299035e-02   0.0000000e+00
   3.6149962e-04   6.7399031e-02   0.0000000e+00
   3.6257311e-04   6.7499026e-02   0.0000000e+00
   3.6364819e-04   6.7599022e-02   0.0000000e+00
   3.6472487e-04   6.7699018e-02   0.0000000e+00
   3.6580313e-04   6.7799013e-02   0.0000000e+00
   3.6688299e-04   6.7899009e-02   0.0000000e+00
   3.6796443e-04   6.7999004e-02   0.0000000e+00
   3.6904747e-04   6.8099000e-02   0.0000000e+00
   3.7013210e-04   6.8198996e-02   0.0000000e+00
   3.7121832e-04   6.8298991e-02   0.0000000e+00
   3.7230614e-04   6.8398987e-02   0.0000000e+00
   3.7339554e-04   6.8498982e-02   0.0000000e+00
   3.7448654e-04   6.8598978e-02   0.0000000e+00
   3.7557913e-04   6.8698973e-02   0.0000000e+00
   3.7667331e-04   6.8798969e-02   0.0000000e+00
   3.7776908e-04   6.8898964e-02   0.0000000e+00
   3.7886644e-04   6.8998960e-02   0.0000000e+00
   3.7996539e-04   6.9098955e-02   0.0000000e+00
   3.8106594e-04   6.9198951e-02   0.0000000e+00
   3.8216807e-04   6.9298946e-02   0.0000000e+00
   3.8327180e-04   6.9398942e-02   0.0000000e+00
   3.8437712e-04   6.9498937e-02   0.0000000e+00
   3.8548403e-04   6.9598932e-02   0.0000000e+00
   3.8659254e-04   6.9698928e-02   0.0000000e+00
   3.8770263e-04   6.9798923e-02   0.0000000e+00
   3.8881432e-04   6.9898919e-02   0.0000000e+00
   3.8992759e-04   6.9998914e-02   0.0000000e+00
   3.9104246e-04   7.0098909e-02   0.0000000e+00
   3.9215892e-04   7.0198905e-02   0.0000000e+00
   3.9327698e-04   7.0298900e-02   0.0000000e+00
   3.9439662e-04   7.0398895e-02   0.0000000e+00
   3.9551785e-04   7.0498891e-02   0.0000000e+00
   3.9664068e-04   7.0598886e-02   0.0000000e+00
   3.9776510e-04   7.0698881e-02   0.0000000e+00
   3.9889111e-04   7.0798876e-02   0.0000000e+00
   4.0001871e-04   7.0898872e-02   0.0000000e+00
   4.0114790e-04   7.0998867e-02   0.0000000e+00
   4.0227868e-04   7.1098862e-02   0.0000000e+00
   4.0341106e-04   7.1198857e-02   0.0000000e+00
   4.0454503e-04   7.1298852e-02   0.0000000e+00
   4.0568058e-04   7.1398847e-02   0.0000000e+00
   4.0681773e-04   7.1498843e-02   0.0000000e+00
   4.0795648e-04   7.1598838e-02   0.0000000e+00
   4.0909681e-04   7.1698833e-02   0.0000000e+00
   4.1023873e-04   7.1798828e-02   0.0000000e+00
   4.1138225e-04   7.1898823e-02   0.0000000e+00
   4.1252736e-04   7.1998818e-02   0.0000000e+00
   4.1367405e-04   7.2098813e-02   0.0000000e+00
   4.1482234e-04   7.2198808e-02   0.0000000e+00
   4.1597223e-04   7.2298803e-02   0.0000000e+00
   4.1712370e-04   7.2398798e-02   0.0000000e+00
   4.1827676e-04   7.2498793e-02   0.0000000e+00
   4.1943142e-04   7.2598788e-02   0.0000000e+00
   4.2058767e-04   7.2698783e-02   0.0000000e+00
   4.2174551e-04   7.2798778e-02   0.0000000e+00
   4.2290494e-04   7.2898773e-02   0.0000000e+00
   4.2406596e-04   7.2998768e-02   0.0000000e+00
   4.2522857e-04   7.3098763e-02   0.0000000e+00
   4.2639278e-04   7.3198758e-02   0.0000000e+00
   4.2755858e-04   7.3298753e-02   0.0000000e+00
   4.2872596e-04   7.3398748e-02   0.0000000e+00
   4.2989494e-04   7.3498743e-02   0.0000000e+00
   4.3106552e-04   7.3598738e-02   0.0000000e+00
   4.3223768e-04   7.3698732e-02   0.0000000e+00
   4.3341143e-04   7.3798727e-02   0.0000000e+00
   4.3458678e-04   7.3898722e-02   0.0000000e+00
   4.3576372e-04   7.3998717e-02   0.0000000e+00
   4.3694224e-04   7.4098712e-02   0.0000000e+00
   4.3812236e-04   7.4198707e-02   0.0000000e+00
   4.3930408e-04   7.4298701e-02   0.0000000e+00
   4.4048738e-04   7.4398696e-02   0.0000000e+00
   4.4167227e-04   7.4498691e-02   0.0000000e+00
   4.4285876e-04   7.4598685e-02   0.0000000e+00
   4.4404684e-04   7.4698680e-02   0.0000000e+00
   4.4523651e-04   7.4798675e-02   0.0000000e+00
   4.4642777e-04   7.4898670e-02   0.0000000e+00
   4.4762062e-04   7.4998664e-02   0.0000000e+00
   4.4881506e-04   7.5098659e-02   0.0000000e+00
   4.5001110e-04   7.5198654e-02   0.0000000e+00
   4.5120873e-04   7.5298648e-02   0.0000000e+00
   4.5240794e-04   7.5398643e-02   0.0000000e+00
   4.5360875e-04   7.5498637e-02   0.0000000e+00
   4.5481115e-04   7.5598632e-02   0.0000000e+00
   4.5601515e-04   7.5698626e-02   0.0000000e+00
   4.5722073e-04   7.5798621e-02   0.0000000e+00
   4.5842791e-04   7.5898616e-02   0.0000000e+00
   4.5963667e-04   7.5998610e-02   0.0000000e+00
   4.6084703e-04   7.6098605e-02   0.0000000e+00
   4.6205898e-04   7.6198599e-02   0.0000000e+00
   4.6327252e-04   7.6298594e-02   0.0000000e+00
   4.6448766e-04   7.6398588e-02   0.0000000e+00
   4.6570438e-04   7.6498582e-02   0.0000000e+00
   4.6692270e-04   7.6598577e-02   0.0000000e+00
   4.6814260e-04   7.6698571e-02   0.0000000e+00
   4.6936410e-04   7.6798566e-02   0.0000000e+00
   4.7058719e-04   7.6898560e-02   0.0000000e+00
   4.7181188e-04   7.6998554e-02   0.0000000e+00
   4.7303815e-04   7.7098549e-02   0.0000000e+00
   4.7426601e-04   7.7198543e-02   0.0000000e+00
   4.7549547e-04   7.7298538e-02   0.0000000e+00
   4.7672652e-04   7.7398532e-02   0.0000000e+00
   4.7795916e-04   7.7498526e-02   0.0000000e+00
   4.7919339e-04   7.7598520e-02   0.0000000e+00
   4.8042921e-04   7.7698515e-02   0.0000000e+00
   4.8166663e-04   7.7798509e-02   0.0000000e+00
   4.8290563e-04   7.7898503e-02   0.0000000e+00
   4.8414623e-04   7.7998497e-02   0.0000000e+00
   4.8538842e-04   7.8098492e-02   0.0000000e+00
   4.8663220e-04   7.8198486e-02   0.0000000e+00
   4.8787757e-04   7.8298480e-02   0.0000000e+00
   4.8912453e-04   7.8398474e-02   0.0000000e+00
   4.9037308e-04   7.8498468e-02   0.0000000e+00
   4.9162323e-04   7.8598462e-02   0.0000000e+00
   4.9287497e-04   7.8698457e-02   0.0000000e+00
   4.9412830e-04   7.8798451e-02   0.0000000e+00
   4.9538322e-04   7.8898445e-02   0.0000000e+00
   4.9663973e-04   7.8998439e-02   0.0000000e+00
   4.9789783e-04   7.9098433e-02   0.0000000e+00
   4.9915753e-04   7.9198427e-02   0.0000000e+00
   5.0041881e-04   7.9298421e-02   0.0000000e+00
   5.0168169e-04   7.9398415e-02   0.0000000e+00
   5.0294616e-04   7.9498409e-02   0.0000000e+00
   5.0421222e-04   7.9598403e-02   0.0000000e+00
   5.0547987e-04   7.9698397e-02   0.0000000e+00
   5.0674912e-04   7.9798391e-02   0.0000000e+00
   5.0801995e-04   7.9898385e-02   0.0000000e+00
   5.0929238e-04   7.9998379e-02   0.0000000e+00
   5.1056640e-04   8.0098373e-02   0.0000000e+00
   5.1184201e-04   8.0198367e-02   0.0000000e+00
   5.1311921e-04   8.0298361e-02   0.0000000e+00
   5.1439800e-04   8.0398354e-02   0.0000000e+00
   5.1567838e-04   8.0498348e-02   0.0000000e+00
   5.1696036e-04   8.0598342e-02   0.0000000e+00
   5.1824393e-04   8.0698336e-02   0.0000000e+00
   5.1952908e-04   8.0798330e-02   0.0000000e+00
   5.2081583e-04   8.0898324e-02   0.0000000e+00
   5.2210418e-04   8.0998317e-02   0.0000000e+00
   5.2339411e-04   8.1098311e-02   0.0000000e+00
   5.2468563e-04   8.1198305e-02   0.0000000e+00
   5.2597875e-04   8.1298299e-02   0.0000000e+00
   5.2727346e-04   8.1398292e-02   0.0000000e+00
   5.2856975e-04   8.1498286e-02   0.0000000e+00
   5.2986765e-04   8.1598280e-02   0.0000000e+00
   5.3116713e-04   8.1698273e-02   0.0000000e+00
   5.3246820e-04   8.1798267e-02   0.0000000e+00
   5.3377087e-04   8.1898261e-02   0.0000000e+00
   5.3507512e-04   8.1998254e-02   0.0000000e+00
   5.3638097e-04   8.2098248e-02   0.0000000e+00
   5.3768841e-04   8.2198241e-02   0.0000000e+00
   5.3899744e-04   8.2298235e-02   0.0000000e+00
   5.4030806e-04   8.2398229e-02   0.0000000e+00
   5.4162027e-04   8.2498222e-02   0.0000000e+00
   5.4293408e-04   8.2598216e-02   0.0000000e+00
   5.4424948e-04   8.2698209e-02   0.0000000e+00
   5.4556646e-04   8.2798203e-02   0.0000000e+00
   5.4688504e-04   8.2898196e-02   0.0000000e+00
   5.4820522e-04   8.2998190e-02   0.0000000e+00
   5.4952698e-04   8.3098183e-02   0.0000000e+00
   5.5085033e-04   8.3198176e-02   0.0000000e+00
   5.5217528e-04   8.3298170e-02   0.0000000e+00
   5.5350181e-04   8.3398163e-02   0.0000000e+00
   5.5482994e-04   8.3498157e-02   0.0000000e+00
   5.5615966e-04   8.3598150e-02   0.0000000e+00
   5.5749097e-04   8.3698143e-02   0.0000000e+00
   5.5882388e-04   8.3798137e-02   0.0000000e+00
   5.6015837e-04   8.3898130e-02   0.0000000e+00
   5.6149446e-04   8.3998123e-02   0.0000000e+00
   5.6283214e-04   8.4098117e-02   0.0000000e+00
   5.6417140e-04   8.4198110e-02   0.0000000e+00
   5.6551226e-04   8.4298103e-02   0.0000000e+00
   5.6685472e-04   8.4398096e-02   0.0000000e+00
   5.6819876e-04   8.4498090e-02   0.0000000e+00
   5.6954439e-04   8.4598083e-02   0.0000000e+00
   5.7089162e-04   8.4698076e-02   0.0000000e+00
   5.7224044e-04   8.4798069e-02   0.0000000e+00
   5.7359085e-04   8.4898062e-02   0.0000000e+00
   5.7494285e-04   8.4998056e-02   0.0000000e+00
   5.7629644e-04   8.5098049e-02   0.0000000e+00
   5.7765162e-04   8.5198042e-02   0.0000000e+00
   5.7900840e-04   8.5298035e-02   0.0000000e+00
   5.8036677e-04   8.5398028e-02   0.0000000e+00
   5.8172672e-04   8.5498021e-02   0.0000000e+00
   5.8308827e-04   8.5598014e-02   0.0000000e+00
   5.8445141e-04   8.5698007e-02   0.0000000e+00
   5.8581615e-04   8.5798000e-02   0.0000000e+00
   5.8718247e-04   8.5897993e-02   0.0000000e+00
   5.8855039e-04   8.5997986e-02   0.0000000e+00
   5.8991989e-04   8.6097979e-02   0.0000000e+00
   5.9129099e-04   8.6197972e-02   0.0000000e+00
   5.9266368e-04   8.6297965e-02   0.0000000e+00
   5.9403796e-04   8.6397958e-02   0.0000000e+00
   5.9541383e-04   8.6497951e-02   0.0000000e+00
   5.9679130e-04   8.6597944e-02   0.0000000e+00
   5.9817035e-04   8.6697936e-02   0.0000000e+00
   5.9955100e-04   8.6797929e-02   0.0000000e+00
   6.0093324e-04   8.6897922e-02   0.0000000e+00
   6.0231707e-04   8.6997915e-02   0.0000000e+00
   6.0370249e-04   8.7097908e-02   0.0000000e+00
   6.0508951e-04   8.7197901e-02   0.0000000e+00
   6.0647811e-04   8.7297893e-02   0.0000000e+00
   6.0786831e-04   8.7397886e-02   0.0000000e+00
   6.0926009e-04   8.7497879e-02   0.0000000e+00
   6.1065347e-04   8.7597872e-02   0.0000000e+00
   6.1204844e-04   8.7697864e-02   0.0000000e+00
   6.1344500e-04   8.7797857e-02   0.0000000e+00
   6.1484316e-04   8.7897850e-02   0.0000000e+00
   6.1624290e-04   8.7997842e-02   0.0000000e+00
   6.1764424e-04   8.8097835e-02   0.0000000e+00
   6.1904717e-04   8.8197828e-02   0.0000000e+00
   6.2045169e-04   8.8297820e-02   0.0000000e+00
   6.2185780e-04   8.8397813e-02   0.0000000e+00
   6.2326550e-04   8.8497805e-02   0.0000000e+00
   6.2467479e-04   8.8597798e-02   0.0000000e+00
   6.2608568e-04   8.8697790e-02   0.0000000e+00
   6.2749815e-04   8.8797783e-02   0.0000000e+00
   6.2891222e-04   8.8897775e-02   0.0000000e+00
   6.3032788e-04   8.8997768e-02   0.0000000e+00
   6.3174513e-04   8.9097760e-02   0.0000000e+00
   6.3316398e-04   8.9197753e-02   0.0000000e+00
   6.3458441e-04   8.9297745e-02   0.0000000e+00
   6.3600644e-04   8.9397738e-02   0.0000000e+00
   6.3743005e-04   8.9497730e-02   0.0000000e+00
   6.3885526e-04   8.9597722e-02   0.0000000e+00
   6.4028206e-04   8.9697715e-02   0.0000000e+00
   6.4171045e-04   8.9797707e-02   0.0000000e+00
   6.4314043e-04   8.9897699e-02   0.0000000e+00
   6.4457201e-04   8.9997692e-02   0.0000000e+00
   6.4600517e-04   9.0097684e-02   0.0000000e+00
   6.4743993e-04   9.0197676e-02   0.0000000e+00
   6.4887628e-04   9.0297669e-02   0.0000000e+00
   6.5031422e-04   9.0397661e-02   0.0000000e+00
   6.5175375e-04   9.0497653e-02   0.0000000e+00
   6.5319488e-04   9.0597645e-02   0.0000000e+00
   6.5463759e-04   9.0697638e-02   0.0000000e+00
   6.5608190e-04   9.0797630e-02   0.0000000e+00
   6.5752779e-04   9.0897622e-02   0.0000000e+00
   6.5897528e-04   9.0997614e-02   0.0000000e+00
   6.6042436e-04   9.1097606e-02   0.0000000e+00
   6.6187503e-04   9.1197598e-02   0.0000000e+00
   6.6332730e-04   9.1297590e-02   0.0000000e+00
   6.6478115e-04   9.1397582e-02   0.0000000e+00
   6.6623660e-04   9.1497574e-02   0.0000000e+00
   6.6769364e-04   9.1597566e-02   0.0000000e+00
   6.6915227e-04   9.1697559e-02   0.0000000e+00
   6.7061249e-04   9.1797551e-02   0.0000000e+00
   6.7207430e-04   9.1897542e-02   0.0000000e+00
   6.7353770e-04   9.1997534e-02   0.0000000e+00
   6.7500270e-04   9.2097526e-02   0.0000000e+00
   6.7646928e-04   9.2197518e-02   0.0000000e+00
   6.7793746e-04   9.2297510e-02   0.0000000e+00
   6.7940723e-04   9.2397502e-02   0.0000000e+00
   6.8087859e-04   9.2497494e-02   0.0000000e+00
   6.8235154e-04   9.2597486e-02   0.0000000e+00
   6.8382609e-04   9.2697478e-02   0.0000000e+00
   6.8530222e-04   9.2797470e-02   0.0000000e+00
   6.8677995e-04   9.2897461e-02   0.0000000e+00
   6.8825927e-04   9.2997453e-02   0.0000000e+00
   6.8974018e-04   9.3097445e-02   0.0000000e+00
   6.9122268e-04   9.3197437e-02   0.0000000e+00
   6.9270677e-04   9.3297428e-02   0.0000000e+00
   6.9419246e-04   9.3397420e-02   0.0000000e+00
   6.9567973e-04   9.3497412e-02   0.0000000e+00
   6.9716860e-04   9.3597404e-02   0.0000000e+00
   6.9865906e-04   9.3697395e-02   0.0000000e+00
   7.0015111e-04   9.3797387e-02   0.0000000e+00
   7.0164475e-04   9.3897379e-02   0.0000000e+00
   7.0313998e-04   9.3997370e-02   0.0000000e+00
   7.0463681e-04   9.4097362e-02   0.0000000e+00
   7.0613522e-04   9.4197353e-02   0.0000000e+00
   7.0763523e-04   9.4297345e-02   0.0000000e+00
   7.0913683e-04   9.4397336e-02   0.0000000e+00
   7.1064002e-04   9.4497328e-02   0.0000000e+00
   7.1214480e-04   9.4597319e-02   0.0000000e+00
   7.1365117e-04   9.4697311e-02   0.0000000e+00
   7.1515914e-04   9.4797302e-02   0.0000000e+00
   7.1666869e-04   9.4897294e-02   0.0000000e+00
   7.1817984e-04   9.4997285e-02   0.0000000e+00
   7.1969258e-04   9.5097277e-02   0.0000000e+00
   7.2120691e-04   9.5197268e-02   0.0000000e+00
   7.2272283e-04   9.5297260e-02   0.0000000e+00
   7.2424034e-04   9.5397251e-02   0.0000000e+00
   7.2575945e-04   9.5497242e-02   0.0000000e+00
   7.2728014e-04   9.5597234e-02   0.0000000e+00
   7.2880243e-04   9.5697225e-02   0.0000000e+00
   7.3032631e-04   9.5797216e-02   0.0000000e+00
   7.3185178e-04   9.5897207e-02   0.0000000e+00
   7.3337884e-04   9.5997199e-02   0.0000000e+00
   7.3490750e-04   9.6097190e-02   0.0000000e+00
   7.3643774e-04   9.6197181e-02   0.0000000e+00
   7.3796958e-04   9.6297172e-02   0.0000000e+00
   7.3950301e-04   9.6397164e-02   0.0000000e+00
   7.4103803e-04   9.6497155e-02   0.0000000e+00
   7.4257464e-04   9.6597146e-02   0.0000000e+00
   7.4411284e-04   9.6697137e-02   0.0000000e+00
   7.4565263e-04   9.6797128e-02   0.0000000e+00
   7.4719402e-04   9.6897119e-02   0.0000000e+00
   7.4873699e-04   9.6997110e-02   0.0000000e+00
   7.5028156e-04   9.7097101e-02   0.0000000e+00
   7.5182772e-04   9.7197092e-02   0.0000000e+00
   7.5337547e-04   9.7297083e-02   0.0000000e+00
   7.5492482e-04   9.7397074e-02   0.0000000e+00
   7.5647575e-04   9.7497065e-02   0.0000000e+00
   7.5802827e-04   9.7597056e-02   0.0000000e+00
   7.5958239e-04   9.7697047e-02   0.0000000e+00
   7.6113810e-04   9.7797038e-02   0.0000000e+00
   7.6269540e-04   9.7897029e-02   0.0000000e+00
   7.6425429e-04   9.7997020e-02   0.0000000e+00
   7.6581477e-04   9.8097011e-02   0.0000000e+00
   7.6737685e-04   9.8197002e-02   0.0000000e+00
   7.6894051e-04   9.8296992e-02   0.0000000e+00
   7.7050577e-04   9.8396983e-02   0.0000000e+00
   7.7207262e-04   9.8496974e-02   0.0000000e+00
   7.7364106e-04   9.8596965e-02   0.0000000e+00
   7.7521109e-04   9.8696956e-02   0.0000000e+00
   7.7678271e-04   9.8796946e-02   0.0000000e+00
   7.7835593e-04   9.8896937e-02   0.0000000e+00
   7.7993073e-04   9.8996928e-02   0.0000000e+00
   7.8150713e-04   9.9096918e-02   0.0000000e+00
   7.8308512e-04   9.9196909e-02   0.0000000e+00
   7.8466470e-04   9.9296900e-02   0.0000000e+00
   7.8624587e-04   9.9396890e-02   0.0000000e+00
   7.8782863e-04   9.9496881e-02   0.0000000e+00
   7.8941298e-04   9.9596872e-02   0.0000000e+00
   7.9099893e-04   9.9696862e-02   0.0000000e+00
   7.9258647e-04   9.9796853e-02   0.0000000e+00
   7.9417560e-04   9.9896843e-02   0.0000000e+00
   7.9576632e-04   9.9996834e-02   0.0000000e+00
